40 250
1 9 38
9 5 40
5 6 5
6 17 4
17 2 3
2 25 36
25 3 28
3 8 30
8 23 7
23 10 4
10 13 25
13 7 5
7 16 11
16 18 21
18 27 45
27 12 27
12 40 7
28 27 33
26 9 47
3 23 32
15 2 50
1 32 24
27 22 5
33 16 39
7 38 13
22 40 44
15 19 35
31 13 39
25 31 16
28 35 29
38 35 25
23 39 3
11 23 27
31 23 15
9 15 17
34 36 45
26 15 41
28 20 36
5 19 11
28 27 42
21 29 15
23 7 18
16 38 27
14 28 33
3 8 49
32 6 4
24 11 36
26 5 37
33 27 27
16 18 17
8 14 41
1 15 48
33 28 40
23 10 49
1 32 7
28 40 11
31 23 29
21 8 16
1 5 30
28 20 48
23 14 1
5 19 11
18 22 42
11 10 24
17 25 4
25 11 8
33 27 19
7 28 13
38 12 31
11 10 31
37 15 9
31 14 13
17 2 29
30 2 32
16 18 15
27 4 47
38 20 23
29 10 6
32 19 49
10 7 4
16 12 24
30 2 21
8 10 17
14 16 32
14 33 33
19 21 32
23 39 37
20 4 6
27 35 39
22 35 4
14 7 50
21 8 31
28 4 35
9 15 21
2 25 37
22 35 10
32 19 19
17 21 5
18 12 38
17 21 15
21 23 12
30 21 44
9 5 24
22 35 32
12 35 50
9 36 21
13 33 26
15 2 28
37 32 12
16 20 21
26 32 35
11 29 17
23 7 25
19 24 22
28 22 19
5 19 43
5 30 41
34 32 41
33 18 24
37 9 14
30 25 8
26 9 12
24 10 27
1 36 39
11 29 33
25 24 18
38 4 41
32 30 41
2 31 41
14 33 19
30 2 3
21 31 9
14 7 8
9 19 16
17 24 31
3 23 19
29 10 11
10 33 25
27 35 34
19 2 19
31 39 4
15 30 36
32 17 4
21 10 17
17 3 41
1 6 8
33 28 26
34 5 14
26 9 2
38 40 7
16 12 20
11 39 13
6 30 1
18 38 26
18 35 5
15 2 15
10 39 41
8 23 47
39 16 18
23 13 41
24 29 6
7 18 16
12 4 19
12 35 30
23 33 40
38 35 23
3 23 6
11 39 2
25 8 17
1 6 3
30 21 9
33 18 41
28 20 8
9 6 8
11 10 49
20 4 8
38 40 43
2 8 12
14 16 32
6 19 37
11 29 1
24 10 28
31 39 18
37 32 27
36 17 25
17 24 25
5 2 44
7 38 19
30 3 9
26 15 4
7 27 28
38 22 41
21 8 49
1 6 49
17 24 34
14 16 7
11 23 31
29 13 14
10 13 21
18 22 12
34 5 5
30 24 46
37 5 1
17 2 29
28 12 49
22 40 34
30 3 1
6 2 48
8 13 31
34 32 15
28 12 6
1 15 30
28 38 40
9 5 36
24 10 5
36 6 8
17 2 13
32 6 47
17 3 26
30 21 15
9 19 50
20 40 25
13 16 44
13 7 15
25 11 12
29 10 29
22 4 2
37 6 17
3 29 45
21 11 44
21 10 38
20 35 43
8 29 28
37 15 38
25 8 36
23 10 47
36 6 43
18 40 6
26 36 42
11 29 20
37 15 19
6 30 32
28 27 46
18 12 48
27 22 4
9 30 42
20 35 16
6 19 34
10 39 5
21 10 19
