127
127 35
126 20
125 40
124 53
123 37
122 50
121 46
120 24
119 29
118 46
117 37
116 52
115 28
114 28
113 45
112 30
111 54
110 36
109 50
108 48
107 52
106 40
105 30
104 29
103 51
102 23
101 25
100 48
99 23
98 21
97 27
96 38
95 25
94 33
93 56
92 28
91 42
90 29
89 44
88 23
87 50
86 28
85 46
84 22
83 45
82 57
81 55
80 54
79 23
78 20
77 20
76 31
75 51
74 22
73 30
72 25
71 21
70 52
69 48
68 52
67 48
66 50
65 57
64 25
63 27
62 45
61 41
60 49
59 46
58 39
57 32
56 20
55 32
54 52
53 38
52 44
51 22
50 40
49 35
48 43
47 44
46 55
45 20
44 58
43 40
42 44
41 38
40 39
39 31
38 47
37 58
36 49
35 23
34 20
33 33
32 25
31 22
30 27
29 28
28 49
27 26
26 32
25 33
24 59
23 49
22 58
21 42
20 25
19 42
18 34
17 43
16 31
15 43
14 47
13 56
12 27
11 30
10 35
9 21
8 36
7 24
6 56
5 32
4 41
3 22
2 56
1 27
