132
132 24
131 50
130 48
129 44
128 25
127 22
126 29
125 58
124 44
123 36
122 38
121 59
120 21
119 23
118 58
117 38
116 43
115 47
114 49
113 38
112 25
111 38
110 53
109 52
108 21
107 46
106 55
105 20
104 24
103 20
102 31
101 24
100 21
99 59
98 51
97 44
96 37
95 35
94 43
93 46
92 37
91 26
90 31
89 52
88 43
87 59
86 26
85 49
84 52
83 30
82 26
81 58
80 56
79 35
78 44
77 29
76 33
75 36
74 35
73 45
72 55
71 32
70 48
69 54
68 48
67 44
66 44
65 51
64 33
63 23
62 41
61 43
60 30
59 24
58 40
57 58
56 52
55 45
54 26
53 32
52 37
51 53
50 27
49 48
48 31
47 56
46 25
45 23
44 38
43 24
42 52
41 41
40 39
39 20
38 38
37 40
36 31
35 49
34 53
33 57
32 40
31 26
30 57
29 30
28 26
27 36
26 52
25 57
24 59
23 27
22 31
21 20
20 55
19 36
18 48
17 22
16 20
15 44
14 21
13 30
12 36
11 39
10 46
9 41
8 33
7 58
6 23
5 49
4 47
3 50
2 32
1 57
