95237 100
6513 592
1053 3922
8477 960
5878 5702
3960 3388
1706 8397
7247 8265
8063 3774
3292 6010
965 2280
1255 7885
8904 8275
980 6358
9442 7255
5288 8655
6636 8243
4438 401
5326 3726
9967 8774
2141 6495
1031 925
1743 9333
3376 3142
3246 7494
172 1409
8851 9547
2589 4331
5376 6842
5484 5660
9102 9014
3980 4947
5098 1052
8849 7565
1103 9499
8904 2028
5062 461
6539 5612
1325 6767
6232 6043
3331 8051
1134 5013
9870 6026
2924 8231
9861 3213
9586 1824
7226 544
8620 2415
4623 4756
1529 6343
9874 2527
5967 3158
9457 2662
3496 4974
9976 4539
4892 59
5390 4414
9992 9355
5220 1316
7797 9060
7013 1633
9991 3915
7910 9136
7571 5199
5875 3414
140 3184
5551 8496
8699 4284
8456 9059
6783 3419
7308 7337
502 8695
2717 1034
5295 4107
6200 8830
3254 5013
1348 8445
2903 6125
2338 4124
5403 4201
7134 8631
5105 419
5792 4171
3370 6940
947 6239
4402 8787
3922 2034
1794 6882
8980 6905
2104 2888
9776 6434
2228 5826
8757 4552
465 8816
8102 3673
5271 7381
6718 3030
2669 3618
4076 1466
6125 9450
323 8524
