4 4
2 1 2
1 4
3 2 3 4
2 1 3

50 50
4 30 36 43 31
6 28 43 22 32 33 20
3 15 45 3
6 14 20 24 40 41 27
3 29 20 47
6 4 17 5 33 2 19
5 48 39 8 44 44
6 24 40 41 24 27 40
5 6 37 32 30 8
4 48 38 27 6
3 24 14 10
5 37 23 11 29 7
1 17
4 8 31 12 31
3 48 46 35
3 18 31 22
6 35 5 4 49 34 33
5 9 11 18 7 38
2 31 19
2 29 2
3 32 50 48
1 33
2 32 9
6 33 30 13 21 24 24
2 32 8
3 6 34 33
2 7 39
2 48 19
4 42 1 5 32
6 34 5 49 49 44 24
4 49 3 31 23
5 1 2 23 15 49
1 18
2 25 6
5 16 45 21 46 4
2 35 29
4 44 14 26 27
6 5 47 29 5 47 14
2 1 34
6 7 33 36 43 15 14
2 20 30
4 2 9 42 19
1 8
5 29 14 36 37 15
6 22 13 38 29 20 30
6 29 32 12 45 48 35
3 23 43 49
5 6 15 39 41 21
3 34 45 13
4 16 45 49 35
