200 200
1 2
1 3
3 4
1 5
3 6
1 7
1 8
1 9
7 10
1 11
9 12
1 13
7 14
5 15
12 16
10 17
3 18
10 19
19 20
8 21
4 22
10 23
20 24
8 25
7 26
17 27
12 28
24 29
26 30
28 31
31 32
31 33
31 34
12 35
29 36
9 37
28 38
38 39
2 40
24 41
3 42
2 43
8 44
30 45
13 46
36 47
4 48
5 49
41 50
16 51
26 52
15 53
30 54
23 55
33 56
11 57
1 58
9 59
19 60
27 61
56 62
53 63
63 64
50 65
45 66
54 67
25 68
21 69
30 70
28 71
68 72
39 73
1 74
47 75
30 76
63 77
53 78
71 79
30 80
40 81
61 82
19 83
77 84
24 85
22 86
38 87
14 88
63 89
80 90
14 91
47 92
30 93
91 94
78 95
82 96
76 97
33 98
34 99
68 100
63 101
58 102
94 103
75 104
67 105
103 106
70 107
17 108
107 109
74 110
53 111
7 112
102 113
48 114
61 115
16 116
69 117
67 118
9 119
68 120
25 121
38 122
107 123
21 124
32 125
107 126
106 127
62 128
11 129
93 130
55 131
18 132
12 133
127 134
49 135
20 136
136 137
105 138
16 139
19 140
31 141
31 142
46 143
89 144
82 145
134 146
29 147
4 148
35 149
88 150
127 151
24 152
103 153
81 154
89 155
150 156
97 157
144 158
145 159
35 160
11 161
112 162
29 163
117 164
92 165
118 166
145 167
49 168
100 169
73 170
31 171
6 172
167 173
170 174
1 175
45 176
104 177
50 178
26 179
178 180
17 181
57 182
133 183
75 184
129 185
31 186
57 187
155 188
42 189
124 190
60 191
167 192
25 193
7 194
173 195
18 196
43 197
60 198
18 199
41 200
Q 46
Q 172
Q 111
C 122
C 170
C 189
C 152
Q 198
Q 44
Q 53
Q 138
Q 114
C 190
C 3
Q 75
C 71
Q 59
C 139
Q 137
Q 12
C 194
Q 9
Q 158
Q 81
C 105
Q 30
Q 12
Q 175
Q 173
Q 193
Q 16
C 187
Q 200
C 80
C 36
C 126
C 144
Q 76
Q 22
C 170
Q 197
Q 15
C 69
C 106
Q 45
C 134
C 58
Q 23
Q 167
Q 79
Q 197
C 63
C 36
Q 158
Q 61
Q 27
C 149
Q 102
C 28
C 180
Q 73
C 51
Q 67
C 120
Q 86
C 53
C 136
Q 160
C 149
Q 164
Q 151
C 106
C 3
C 39
Q 153
C 27
C 86
Q 8
Q 70
C 170
C 156
C 136
C 184
Q 185
C 182
C 144
C 162
C 122
Q 109
C 13
Q 92
C 145
C 153
Q 124
C 105
Q 116
C 176
Q 68
C 132
C 20
Q 43
C 69
Q 164
C 50
Q 168
Q 29
C 161
Q 11
C 13
Q 170
C 54
Q 184
Q 68
Q 155
Q 130
C 182
Q 42
Q 108
Q 134
Q 174
Q 2
Q 67
C 154
C 185
Q 95
C 197
Q 7
Q 81
C 129
C 23
Q 62
Q 75
C 184
Q 45
Q 55
C 152
C 71
Q 182
C 38
Q 164
Q 129
Q 51
Q 28
C 115
Q 44
C 181
C 6
C 84
Q 183
Q 65
C 200
C 39
C 168
C 115
C 139
Q 199
C 46
C 40
Q 50
C 135
Q 170
C 141
Q 193
Q 169
C 18
Q 89
C 139
C 95
C 171
C 184
Q 153
Q 25
Q 180
Q 15
Q 77
C 11
C 183
C 44
Q 138
Q 6
Q 135
Q 89
C 3
C 136
C 151
C 105
C 57
C 114
Q 9
C 16
Q 70
C 133
Q 84
C 9
Q 80
C 190
Q 17
C 118
C 49
C 99
