100 80
f(x)=70109x^84+31190x^15+45313x^77+52808x^10+40146x^89+41024x^14+89576x^33+96906x^24+5709x^55+92657x^6+60729x^97+87451x^57+88440x^85+25928x^66+48048x^71+92676x^7+15167x^18+63997x^66+58477x^36+34120x^65+27725x^29+31391x^23+30665x^50+84699x^16+64456x^6+26791x^68+66327x^26+36721x^96+72893x^100+22073x^24+38681x^64+9925x^63+92854x^22+27301x^23+39910x^79+24609x^81+47423x^93+6710x^90+96661x^70+22479x^72+17422x^57+78832x^3+1010x^72+7876x^40+3790x^70+84553x^69+60952x^52+58198x^81+48082x^39+45635x^23+71833x^54+11456x^14+31619x^18+94591x^53+32180x^14+61596x^96+11236x^62+39754x^45+789x^39+96093x^91+13491x^17+38611x^18+7604x^34+23457x^9+84129x^48+50188x^59+59588x^87+99259x^52+94768x^57+17553x^65+38948x^66+34133x^76+61695x^54+41424x^14+23408x^23+1575x^65+98294x^21+82817x^4+41010x^11+75176x^88+82645x^70+81244x^48+12859x^71+71380x^8+90927x^10+73190x^23+55452x^34+67654x^57+48173x^22+22848x^53+22784x^16+96989x^75+74537x^9+80471x^13+63024x^85+38481x^62+20400x^61+3207x^9+89666x^11+99966x^44+49383x^11+57688x^20+43007x^85+21701x^55+18068x^71+14981x^52+8041x^42+70259x^33+63961x^82+70824x^18+96439x^1+6041x^43+50481x^5+78427x^29+64408x^32+48512x^37+99528x^36+63451x^55+33530x^41+11368x^3+44932x^84+99688x^33+2055x^49+60575x^52+2193x^49+65449x^19+6642x^84+64745x^55+40036x^81+86351x^4+36277x^48+34019x^91+63859x^81+24462x^8+46233x^8+64099x^78+15057x^38+56049x^92+54612x^9+86998x^7+15958x^54+5173x^48+27728x^96+90161x^99+59838x^71+56099x^55+95160x^2+66444x^89+54566x^96+63691x^24+64234x^46+25147x^86+24456x^29+3514x^68+94213x^96+32045x^89+14389x^23+89551x^20+5364x^92+37504x^73+84939x^11+75135x^90+43003x^58+89139x^69+57492x^19+81034x^84+84477x^85+58295x^2+13732x^54+38998x^27+41044x^8+36315x^35+36717x^63+23252x^35+71286x^21+89111x^23+46468x^33+69056x^74+68451x^20+70403x^92+68230x^10+99686x^89+40862x^15+81643x^4+35732x^4+46296x^52+27400x^12+73264x^68+60140x^32+7691x^88+68718x^56+89783x^94+82820x^17+54487x^25+38403x^38+14902x^20+62503x^30+22691x^19+22765x^53+38058x^89+56132x^8+
10
68881
11082
81085
62791
24348
17842
4169
35352
5970
62884
