105271
105271
105271
105271
138703
102087
113629
113629
169349
172732
172732
127559
127559
190443
190443
190443
190443
190443
190443
152633
138305
138305
138305
138305
138305
117211
117211
112988
112988
112988
124176
124176
124176
124176
124176
124176
124176
124176
124176
124176
172931
172931
172931
130345
130345
130345
130345
130345
130345
130345
130345
130345
130345
130345
150245
150245
144474
144474
148238
151622
151622
151622
153959
153959
153959
153959
153959
153959
153959
153959
153959
153959
153959
153959
153959
153959
153959
153959
153959
162352
162352
162352
162352
162352
180456
180456
180456
149650
149650
149650
149650
149650
149650
161914
161914
161914
161914
161914
161914
161914
161914
161914
161914
160454
160454
175930
203232
187172
187172
187172
187172
215058
215058
222942
222942
222942
222942
190968
190968
151840
151840
151840
151840
139698
139698
139698
139698
139698
136214
136214
136214
136218
136218
136218
133444
139920
150380
144832
153827
206444
206444
206444
206444
206444
206444
153827
153827
148628
144102
144102
144102
144102
149903
149903
167170
167170
167170
167170
167170
167170
167170
167170
149903
149903
149903
149903
149903
149903
149903
149903
149903
149903
149903
182881
149903
149903
149903
149903
149903
124553
124553
124553
110843
110843
110843
124972
153300
153300
186880
169068
179100
179100
179100
179100
179100
179100
179100
179100
179100
179100
191040
172533
169068
169068
169068
169068
160991
165369
165369
195494
195494
155419
155419
155419
155419
154322
154322
154322
136676
136676
151548
151548
151548
158118
158118
158118
158118
158118
158118
158118
158118
203670
203670
203670
177110
177110
177110
193742
193742
213726
213726
193742
193742
193742
171258
171258
184274
184274
184274
184274
184274
185070
215496
185070
185070
185070
196224
185070
185070
185070
185070
185070
185070
185070
185070
179726
179726
179726
179726
179726
172931
172931
172931
172931
172931
172931
217832
172931
172931
172931
172931
172931
172931
172931
172931
172931
172931
172931
172931
172931
172931
172931
172931
172931
172931
172931
157409
170382
170382
170382
170382
123370
123370
123370
161622
161622
161622
169652
171696
197976
197976
197976
197976
213744
213744
235936
235936
235936
235936
235936
235936
219488
219488
219488
219488
219488
219488
194104
194104
194104
194104
194104
194104
194104
194104
194104
194104
194104
194104
195320
252580
252580
251850
251850
251850
251850
251850
251850
251850
204254
204254
171112
171112
234914
234914
201480
207174
207174
190968
190968
190968
259004
202940
202940
202940
202940
208634
208634
208634
248492
241338
241338
241338
241338
241338
241338
241338
241338
241338
241338
241046
241046
241046
241046
241046
241046
282364
282364
282364
282364
282364
282364
282364
282364
282364
282364
282364
282364
282364
282364
282364
282364
282364
242798
264260
264260
264260
264260
264260
246594
246594
250682
250682
250682
242214
242214
242214
242214
242214
242214
242214
242214
242214
242214
242214
242214
242214
242214
242214
242214
242214
242214
242214
242214
242214
242214
242214
242214
242214
236666
236666
236666
236666
236666
236666
236666
236666
236666
236666
234622
234622
234622
211846
211846
187464
187464
187464
187464
187464
187464
187464
163578
192574
192574
192574
192574
192574
192574
192574
222283
222283
222283
222283
222283
222283
218900
218900
218900
218900
218900
218900
218900
218900
218900
218900
218900
218900
218900
218900
218900
218900
218900
226592
226592
226592
226592
218900
199199
199199
199199
