50 59
26 30 18
40 26 12
30 40 5
21 7 6
46 21 7
7 46 12
42 44 18
43 42 9
18 43 1
44 18 15
27 11 1
11 27 15
4 1 4
1 4 18
20 3 20
15 20 18
48 15 15
3 48 15
49 22 1
8 49 8
22 8 6
37 5 13
24 37 18
5 24 5
31 34 9
34 31 14
6 35 2
35 6 8
25 19 19
25 16 16
16 12 17
16 28 18
19 50 5
16 33 5
12 47 3
19 9 15
25 21 16
28 31 17
46 2 12
33 38 19
33 30 19
40 29 16
40 43 12
18 14 4
43 3 9
20 22 8
30 10 6
8 13 14
10 45 1
50 24 7
18 39 14
31 35 11
49 41 16
43 32 5
14 36 3
36 4 17
49 27 13
7 23 13
18 17 13
100
30 21
15 8
19 40
4 9
19 41
46 31
25 39
29 40
1 35
27 47
21 43
7 44
31 49
2 8
13 46
27 39
23 33
34 29
11 47
48 43
24 6
47 9
33 49
21 31
11 41
48 45
29 41
41 19
37 25
43 11
1 33
6 1
1 17
11 5
5 46
39 39
4 47
31 25
1 19
46 11
45 46
1 11
37 47
41 33
33 45
39 31
47 16
1 48
43 27
41 37
19 37
21 7
27 27
26 16
24 1
15 31
1 35
45 20
49 21
41 14
12 49
29 41
36 17
33 46
29 14
16 31
21 7
29 17
8 5
1 1
41 23
37 33
3 25
1 17
26 36
17 36
1 35
49 41
14 1
31 23
43 15
28 6
2 7
29 45
47 29
43 40
19 31
19 26
17 3
36 1
37 13
45 33
5 34
47 11
32 19
14 37
43 41
31 21
42 25
2 13
