52 4 62 908092
829607 685578 496593 829607 
685578 515951 44662 643688 
133717 643688 829607 643688 
829607 133717 643688 389340 
829607 44662 643688 133717 
389340 496593 162587 162587 
496593 829607 685578 133717 
515951 389340 496593 685578 
496593 389340 44662 711115 
685578 829607 685578 496593 
643688 515951 711115 515951 
711115 133717 44662 711115 
515951 829607 389340 685578 
829607 685578 389340 711115 
162587 389340 389340 133717 
44662 389340 133717 162587 
711115 389340 162587 162587 
829607 711115 685578 829607 
44662 643688 711115 685578 
496593 44662 643688 133717 
711115 515951 44662 496593 
496593 711115 44662 685578 
133717 44662 133717 515951 
515951 389340 389340 515951 
711115 711115 389340 711115 
496593 685578 829607 643688 
515951 711115 162587 133717 
685578 515951 515951 162587 
515951 389340 515951 643688 
162587 133717 389340 829607 
496593 44662 515951 685578 
133717 133717 643688 643688 
685578 162587 44662 496593 
162587 133717 643688 515951 
711115 133717 44662 515951 
829607 643688 515951 133717 
643688 685578 44662 685578 
162587 133717 133717 643688 
496593 496593 389340 643688 
389340 162587 133717 496593 
515951 829607 389340 496593 
515951 496593 389340 711115 
389340 829607 496593 389340 
44662 829607 496593 389340 
685578 496593 829607 389340 
829607 133717 711115 389340 
829607 829607 685578 44662 
496593 829607 685578 496593 
133717 389340 496593 133717 
829607 515951 133717 515951 
389340 515951 711115 162587 
496593 685578 496593 496593 
44662
162587
829607
389340
829607
515951
162587
496593
44662
165614
389340
389340
389340
685578
44662
711115
643688
643688
496593
138472
389340
643688
515951
133717
829607
389340
44662
133717
496593
30538
515951
496593
133717
389340
685578
685578
162587
133717
389340
87758
829607
496593
685578
162587
515951
515951
515951
643688
133717
96384
496593
133717
643688
643688
389340
829607
515951
711115
496593
164126
515951
515951
