1000
653 744
139 872
836 452
166 900
478 958
312 198
709 296
648 663
564 254
827 164
378 896
23 536
713 25
757 306
75 801
423 902
967 692
945 844
908 539
394 465
112 589
310 45
647 839
689 51
486 798
721 143
47 944
960 580
906 523
538 838
616 206
692 746
729 976
325 71
358 542
30 929
116 568
4 394
766 682
166 778
990 207
873 789
828 903
284 661
641 776
753 332
230 868
443 698
922 461
687 964
370 786
782 439
994 671
327 357
735 637
667 312
789 423
958 505
451 230
5 350
151 344
481 14
486 783
120 138
44 240
367 928
565 650
532 283
523 440
790 773
972 682
760 948
421 230
483 845
730 818
651 452
583 67
63 180
636 481
368 352
618 488
951 727
443 530
474 684
251 481
901 19
814 443
17 559
875 856
768 339
53 613
310 530
382 964
311 322
565 773
211 789
182 752
191 115
6 752
50 969
911 79
806 389
672 855
3 192
959 638
365 619
87 549
560 77
886 13
363 368
81 242
189 88
423 827
471 809
209 605
749 225
131 862
244 644
344 816
932 185
306 299
421 388
224 235
90 823
702 150
530 725
179 942
335 987
288 992
400 993
777 873
606 644
661 766
127 527
356 258
489 549
981 261
865 427
412 123
222 240
704 964
610 857
451 938
885 40
641 539
470 189
878 128
700 184
54 115
957 819
709 673
839 157
945 540
689 140
132 331
758 575
197 355
331 552
312 729
277 921
427 260
77 993
609 422
210 293
670 983
29 733
166 64
425 517
270 556
743 465
504 503
754 113
455 711
663 629
95 281
121 943
638 863
773 548
589 830
172 64
596 731
403 564
183 129
741 41
598 917
551 745
938 509
608 986
824 260
647 889
91 734
555 133
983 70
918 42
480 383
468 182
143 697
468 122
341 49
407 252
658 327
166 822
677 81
781 375
827 673
443 831
243 185
587 675
733 111
691 266
360 251
318 13
741 53
966 1000
186 238
705 41
184 531
366 297
620 176
164 909
109 105
657 603
515 889
525 950
940 509
587 949
282 938
273 678
43 415
115 666
207 995
806 428
675 866
137 877
95 85
622 529
786 942
631 581
535 137
476 118
117 837
562 555
432 431
248 850
580 186
365 960
541 588
52 692
454 242
912 517
499 178
211 916
9 844
593 632
9 119
207 600
30 821
832 326
664 944
680 582
382 252
753 683
273 899
386 210
953 899
644 589
64 53
962 198
578 383
281 52
9 204
102 746
240 749
134 715
558 706
343 56
12 69
910 282
453 314
625 156
541 980
314 651
454 886
761 51
415 769
206 943
642 96
266 695
522 478
801 873
841 348
480 754
779 786
283 821
299 858
902 557
556 482
102 35
436 655
912 155
849 847
218 840
125 879
511 888
728 753
957 357
210 229
436 712
395 227
681 244
360 626
643 932
692 496
927 51
115 719
520 628
90 9
1 133
362 650
594 14
191 65
725 313
900 798
230 237
131 178
649 210
544 821
950 266
572 380
462 589
451 980
913 642
861 771
842 703
474 826
612 405
564 392
856 969
28 857
956 622
438 557
541 5
143 851
22 924
204 413
408 820
891 679
53 326
78 199
990 385
744 178
761 638
947 513
519 157
334 761
842 141
821 293
131 91
698 727
488 174
222 284
206 14
645 63
130 985
835 482
893 107
437 479
846 762
422 119
577 532
344 294
405 214
554 249
93 854
37 866
242 507
411 912
448 849
76 367
895 235
122 85
502 797
842 160
497 303
156 656
478 46
993 253
355 473
552 44
622 396
713 219
850 491
156 407
680 765
250 84
960 473
979 805
115 213
705 839
504 831
501 384
143 485
573 911
278 924
404 125
507 622
918 120
443 77
512 587
479 305
561 628
661 524
823 766
615 415
999 245
580 13
394 956
973 522
508 348
495 318
499 142
871 428
336 318
810 645
220 703
530 356
973 762
230 465
791 180
43 664
343 119
477 547
703 410
328 909
713 34
470 108
68 142
635 669
965 624
993 19
593 405
253 670
43 601
942 952
994 135
887 765
256 745
383 281
897 697
185 606
990 631
48 774
74 872
247 978
560 933
389 856
506 24
359 346
415 82
57 237
593 93
154 465
101 543
568 91
758 553
443 945
103 305
830 53
396 958
59 18
613 290
472 634
164 544
594 919
654 998
793 703
941 479
373 4
865 245
690 402
80 278
370 694
762 134
573 661
762 49
926 614
583 150
470 603
864 45
136 577
730 129
724 355
779 498
5 856
960 65
716 178
672 63
610 112
938 809
810 28
236 296
686 903
909 609
991 473
485 884
797 801
670 96
788 120
199 307
442 23
535 980
750 143
30 360
860 242
905 555
21 585
252 295
673 280
901 395
974 424
8 175
576 181
484 989
599 257
257 15
37 143
860 22
912 829
455 374
913 738
87 328
94 213
240 513
547 752
916 182
257 612
537 957
35 130
821 261
618 897
112 925
231 641
602 253
943 711
771 289
345 647
474 557
819 1000
137 740
128 420
306 402
926 1000
176 111
542 950
853 546
778 780
445 261
156 973
755 828
151 279
418 976
839 941
73 129
609 620
567 785
890 420
359 65
845 261
362 88
303 626
487 559
586 527
143 774
738 345
395 5
681 534
41 884
432 681
664 762
725 274
803 305
373 558
894 219
855 714
54 249
26 452
595 243
824 903
787 934
238 260
249 525
662 189
189 898
244 366
26 565
403 469
17 318
713 870
741 500
501 907
499 157
143 990
312 171
990 459
270 815
159 470
741 167
952 569
599 31
623 398
226 875
847 56
470 630
224 992
984 462
663 627
8 172
854 274
995 183
78 371
68 277
389 614
400 42
669 421
713 740
11 128
747 740
425 244
416 995
627 179
719 208
200 712
318 114
15 639
804 329
520 461
308 410
705 190
653 59
259 741
574 256
630 626
198 481
176 785
393 449
61 959
152 330
382 723
890 560
199 97
345 286
558 430
83 110
404 946
398 477
277 472
364 524
883 445
955 323
903 401
256 787
158 333
209 492
798 100
607 314
784 314
624 663
848 900
569 732
83 746
641 916
653 193
391 154
993 694
591 558
880 571
460 231
770 211
514 624
228 701
992 903
963 706
760 209
700 227
435 778
705 241
384 844
654 593
841 480
795 546
351 402
922 373
997 582
805 973
391 937
545 995
887 102
953 112
572 501
259 466
639 476
584 440
652 811
376 138
794 421
637 308
57 21
311 12
391 876
446 20
599 33
65 300
997 390
862 896
16 890
86 436
408 187
900 885
6 701
860 351
513 574
215 757
754 66
775 415
544 61
772 697
638 39
763 614
600 109
81 493
510 100
817 931
605 205
214 571
978 153
133 466
864 379
629 974
311 674
209 709
834 921
467 994
752 598
570 538
511 912
602 330
881 221
707 952
444 132
417 629
354 351
784 294
718 254
700 804
170 895
718 960
582 550
657 409
255 704
949 271
10 57
71 109
284 820
520 710
729 811
32 901
84 107
596 623
679 552
516 744
817 129
248 15
593 372
904 9
270 818
95 768
205 146
410 270
287 124
301 79
987 484
533 441
899 263
450 354
276 687
212 598
694 812
782 769
298 606
86 829
871 592
813 179
951 751
98 693
685 808
756 455
141 970
726 65
596 538
987 798
316 602
534 954
963 319
905 442
893 691
868 920
101 583
320 883
123 444
130 728
978 523
480 447
629 353
55 148
127 887
336 78
456 166
759 609
633 451
265 954
969 196
640 405
840 993
219 144
104 19
147 884
335 717
612 292
58 871
843 569
247 768
449 438
101 590
747 528
419 766
233 361
546 383
673 930
38 784
333 801
575 420
874 453
406 954
693 139
72 955
18 76
988 937
648 192
406 882
327 526
87 381
426 273
209 165
576 498
503 124
557 994
714 767
33 99
778 101
872 51
323 779
971 74
676 995
923 555
504 881
217 624
162 705
604 89
471 399
660 147
161 900
275 327
478 2
420 463
839 194
644 321
488 414
544 89
377 455
953 464
784 764
304 658
563 590
711 311
665 912
413 125
599 936
246 632
103 434
418 748
560 188
358 216
317 282
992 232
429 854
461 375
636 387
860 268
977 386
117 31
168 597
145 919
316 742
813 986
753 60
921 285
796 919
20 296
309 988
484 935
793 349
267 998
844 36
291 91
518 677
262 592
80 825
272 724
215 659
373 861
457 995
668 467
914 333
220 163
24 369
910 617
202 463
968 884
585 737
397 661
417 621
892 983
822 149
433 700
713 688
323 852
394 239
601 533
292 340
799 545
195 497
996 481
833 690
696 190
355 720
302 364
593 961
224 869
363 875
142 338
269 809
168 673
847 867
581 800
514 915
807 440
518 982
88 792
706 233
426 177
562 458
953 126
145 646
506 257
414 566
611 279
92 517
527 315
223 207
939 9
439 7
559 27
173 368
387 475
950 169
579 701
106 20
341 859
233 148
201 34
808 630
62 139
324 873
708 79
176 234
521 22
722 589
347 141
67 802
264 441
62 337
736 193
34 203
494 73
819 342
982 739
32 975
948 699
490 919
