100 5
2
3
4
91
97

10000 10000
3134
9945
2948
8727
2420
639
2420
40
1100
6763
5102
6867
1
861
885
6614
8546
2507
9808
2328
2610
970
4811
3598
2339
8593
9014
3705
3824
3452
8796
3106
5743
6909
5775
3079
9412
6700
6476
1776
6876
2715
7899
4175
2582
8117
9898
2713
7801
3092
662
9694
3731
3305
1608
2531
4544
2545
9197
2294
4239
710
8745
108
2366
6029
7386
8484
7895
849
8699
8546
7640
1866
9016
7057
842
5401
6872
6554
6971
8806
7475
4528
8863
9398
5407
341
6864
2080
3736
7170
7878
9291
910
9766
8771
8183
8830
2455
9453
4482
3787
7362
371
4065
7445
6830
4533
2856
6450
9509
4062
2048
1860
9369
4970
7710
2242
6510
4087
8070
9156
826
7828
2134
272
3269
2299
6328
336
5102
6539
9986
4785
4845
1717
8256
8089
3987
523
2752
9267
1475
6837
9278
6718
5817
6424
4323
7731
4851
4851
7003
3553
3213
4286
7512
2565
5925
2238
1187
4910
5798
2813
2643
4787
5215
9744
2276
1112
133
8768
2143
7269
6480
2913
5578
2396
3685
6634
5828
463
7193
2480
2033
9629
1958
5867
1294
1101
4117
3086
7154
2775
7272
1420
8312
356
5932
6219
9825
8870
8416
7765
3576
1819
4434
6081
2094
980
2069
6566
4570
5313
566
3175
8910
9772
4373
4840
3225
2790
7018
9219
968
4434
1889
6664
845
628
1371
454
3853
2021
2358
6104
5353
108
7289
3047
3610
4326
6837
8106
2705
5445
1400
2264
593
4635
194
4242
3015
4849
3744
4700
7360
2060
7145
9502
2124
6408
787
6963
371
963
5365
5524
4819
1843
4755
9292
9474
8201
6883
5933
8072
895
8025
6100
8203
2753
6057
3749
9196
1516
7668
1449
5718
4411
2812
1470
667
991
5748
5523
9163
8856
1688
4552
1674
34
8070
3380
310
4711
953
7518
7059
9182
8125
4032
6506
3136
5696
6465
5611
178
1653
9338
3584
8975
5058
4907
9689
4890
2047
9489
3034
1067
2828
1819
2440
6894
8771
6718
1827
1711
2453
6425
1336
5047
3183
1114
7996
9664
2699
4029
4872
9887
4336
2789
5095
4011
245
1432
9716
4043
1456
4496
9202
518
1422
7749
5895
8658
1163
2280
7888
4595
3779
3693
6553
3954
2545
3872
1083
6857
6080
8734
5030
5147
5569
553
1379
4842
207
1016
7211
4542
4864
8169
3727
2123
7960
1980
8784
6698
7279
8060
8203
3723
4502
766
1356
9276
7103
8736
6732
8848
1827
6593
2593
7879
78
1633
5266
9803
6077
4046
6361
5040
3762
4346
8773
3836
1032
9781
6734
4906
5219
4025
506
7325
226
2746
562
789
7633
688
3405
4746
7969
1927
1644
9201
4327
6537
1317
9750
6292
7313
8862
9871
5486
9613
5170
1929
4338
4688
6984
9366
3186
3234
5916
4592
2077
2768
1201
5879
8614
8223
5319
885
6205
649
9522
6743
3934
6183
4870
819
7311
6190
4323
7085
933
8932
4171
3270
1863
4347
8575
2123
2175
414
8748
3352
7004
4451
4399
7050
955
7417
791
4997
987
2495
8489
3070
8901
8037
1832
5110
4047
7099
2227
7003
9565
9201
6909
3235
1288
9534
754
5759
176
3035
9772
9177
573
962
1236
9443
8743
8685
2035
7517
6936
640
3349
9829
3169
531
6023
6656
9051
3810
1085
5217
8162
1349
8383
4042
6508
4503
3604
6002
560
4803
8331
6220
1127
9032
1118
9640
4981
6587
2981
9407
6651
414
4612
675
8663
2155
9465
8699
2315
3582
2847
4566
7797
3980
6703
6340
8183
5385
4738
785
4582
5863
2736
6180
8860
947
968
5590
5304
8095
2510
3983
4836
1470
7130
8358
4262
7537
5424
7087
4910
6523
4631
339
9395
4158
5214
75
6157
3806
4705
9513
5840
6811
3663
9548
2139
3843
3700
6533
5034
5749
3342
1014
5682
8909
475
9468
4805
281
5015
8387
8603
6492
5325
8044
5049
8499
6814
3080
9278
1739
3489
185
8806
8166
5133
3393
8008
6059
6104
6216
7986
3132
6626
626
6195
800
6590
1884
1883
3692
3626
8958
5454
9309
7307
6275
5490
6301
8285
5225
8006
3272
4758
7107
2623
2500
7304
4526
8808
4308
3601
3024
1756
9929
6901
4649
921
4659
7436
4152
1430
4508
4081
8004
2795
7413
1344
6953
740
7866
1324
6958
2616
7464
9958
1075
6588
366
4077
7076
2954
6682
2550
8300
8709
8266
6460
5807
7178
6110
916
9910
3305
8363
3205
7717
6945
9294
987
1163
2918
4708
352
5603
4718
7435
4058
9874
9768
48
7661
6218
5628
7812
1259
5229
3822
2071
827
8087
6201
3112
3208
8442
6509
9403
9763
1065
322
7943
2537
2247
2428
1539
8388
9161
1768
6185
9744
247
5044
6364
931
8729
3726
3596
8712
854
9771
6795
7433
408
8495
645
5391
7695
4466
2673
943
7199
1633
3011
6492
1361
8193
9581
7516
3893
5863
5788
5754
2964
2442
9055
147
4179
1928
2287
5832
1186
9973
9973
37
7845
4959
9935
7774
2924
6300
7423
714
6516
2477
9661
2336
6334
8747
3534
3578
1536
4717
8832
5771
4623
6610
2708
7041
216
4843
5866
489
968
4167
1899
2703
3607
2349
2473
6730
1821
3118
4744
9426
4416
9789
5404
3261
5763
6365
4887
8801
947
8532
1125
7955
8410
8790
6775
9339
418
7514
2059
9105
4413
6807
8168
9708
2898
8101
2684
1450
6852
8940
57
3091
2143
6819
7974
9444
899
7724
9308
4876
2179
6082
3688
2836
1686
8495
241
6008
8893
7734
8965
4228
9068
7781
8855
1541
1414
9046
6079
9344
145
3784
3337
9948
7064
1184
2578
8823
2166
9275
164
9683
521
3204
9467
3749
1668
5414
7608
819
8096
7673
4778
1672
5911
1986
262
3129
2771
3194
7388
2736
5539
997
1238
4038
103
3233
2086
4149
365
4458
9386
4296
8365
5703
249
9569
815
8077
2681
825
4839
8978
8853
905
5993
7441
8325
4764
2657
8241
3142
1159
729
4752
6562
5558
4093
5545
6650
4919
4831
923
1595
9608
5807
5213
4795
2309
2809
8027
110
1552
7015
8220
9931
7064
2540
6638
8060
4167
5515
5371
6224
7142
7483
8780
3492
6293
6912
5477
165
3571
9362
5710
3661
4483
1150
7593
2049
2602
325
5202
227
7628
8642
180
1249
4400
6939
194
4723
6879
6143
6370
6164
8326
2196
1024
4220
8486
8421
4078
6228
5444
1328
4332
6092
3688
1047
7828
7148
7627
5682
3914
3729
488
7806
7815
7449
8206
628
9484
4739
4893
2922
2703
1877
9272
5896
7874
6793
5146
9842
2600
9357
6933
1230
1372
9641
4290
201
9540
4217
1591
9676
818
2538
7530
829
7759
4928
7135
7965
3200
5622
294
2816
393
6642
1169
5341
1380
8129
1459
5681
9775
5755
8500
8094
1566
17
4240
3404
97
7884
9233
1906
487
7930
8243
1253
4888
5807
6746
5951
4435
4712
4752
7547
4347
9798
9744
5122
6463
98
2654
4516
6202
5310
2159
3444
4128
790
6330
8951
7151
9505
3699
7990
1301
5000
6176
3954
8667
8391
4635
6606
7798
2519
273
3897
5367
567
9881
8368
4530
4583
58
3975
4232
5394
2314
7133
1094
691
784
5756
2475
7292
6963
4810
135
1607
9057
9495
5445
7401
3355
8671
3832
289
152
30
5396
881
5324
6168
9385
1455
9607
4135
4249
2974
6364
8161
7287
7526
1629
3871
6086
2611
3155
9239
8696
7112
7797
7233
5482
5113
4123
4454
6192
9761
1933
1033
5200
7962
3458
5741
232
3861
7319
9126
1284
7097
843
3947
1230
6066
9965
8982
7778
6474
7261
6063
9420
5611
5547
7180
2530
8546
6125
4593
8021
7819
5496
5532
7063
3769
5501
4157
5902
4518
9371
6082
6282
923
4107
6688
9185
2609
9190
1675
5339
287
1499
7344
6516
1556
440
3794
2762
2900
8643
5871
745
7578
4618
5186
6919
1894
1463
4257
1471
1135
9680
9744
3935
1668
4661
1760
9434
6101
1072
1112
2325
4254
1285
9298
1628
9718
20
3142
8801
9252
2899
5719
1764
3223
3908
6283
2268
7471
4677
7362
7820
5910
8225
9736
6368
2693
3259
4360
1150
3658
7019
7820
507
4185
7
6304
7250
1116
4396
3829
942
5182
9969
9275
2872
916
6603
5842
1637
9339
7016
5833
3729
4997
2151
938
9570
7799
7775
9333
9714
8621
8885
2276
6018
2684
9208
3571
4260
7394
5430
9407
3422
7694
4103
1979
4311
794
3442
5220
6552
7160
8112
7101
1653
3758
1525
1515
9011
9980
4888
8486
9931
2439
1191
683
93
2374
6864
3531
129
8266
6324
2571
6879
519
8022
3070
4775
2380
7169
849
9211
9372
8605
5121
7956
6243
686
5486
4496
8655
1420
8702
2730
5462
9519
5769
2783
5941
601
7202
2624
4632
4384
5682
6377
6113
8662
3228
306
6930
5582
6007
7428
3279
5440
3096
8059
9805
6952
3920
9721
5407
9734
9957
9190
6880
3064
6788
4500
5205
9978
4503
5079
3104
4187
3954
2267
2374
5257
3887
7000
3238
4432
5425
2857
7997
7956
2
2789
8647
5017
8057
9362
8314
631
8855
7831
2110
2355
6682
1602
4651
3883
737
8268
9313
9573
14
8373
8532
6242
9396
4234
208
3226
8689
3029
7726
6886
7362
9994
5259
9412
2833
5167
4228
950
5495
6365
5175
805
7551
1926
2717
9447
4168
9812
1759
1848
4326
4371
3254
1113
3719
5338
3988
4461
2111
706
6512
6808
9863
7039
1759
7163
5104
478
9295
7436
1586
2681
4370
4761
4187
6125
6690
5406
2403
3447
8601
5725
6971
7187
4611
3328
9822
2826
38
8224
5421
4509
5020
7838
9219
5264
8025
7394
6188
7584
6820
817
3902
6131
9521
740
4199
7545
229
6226
2145
9400
8094
6643
9419
2265
6038
5906
4380
3248
1640
1
3564
2799
1762
6927
2671
4076
9744
130
7867
752
920
5886
7468
4118
1791
4813
4608
8746
2652
3364
7077
216
6799
9569
4962
9194
3797
9317
8784
4518
9122
8743
8098
686
1137
6356
9091
9072
4014
8710
5659
7102
4732
3490
2377
3453
471
7612
3019
921
4520
6871
4318
930
3199
7147
4929
6494
1706
1965
8558
9501
3026
3752
8850
4479
8759
8330
9295
269
8941
5100
2082
3973
6050
17
2740
5355
2557
527
7388
1301
4366
8067
2364
9937
8468
8079
8703
1902
4917
7083
1938
9168
2706
2964
397
2048
8839
5889
8635
3061
4595
7884
1953
3501
767
712
9900
7231
674
1551
5838
1551
8659
6962
1738
2160
7678
1934
5094
3666
5282
8563
6220
8047
4267
9299
8988
2555
1324
1373
2797
3451
2337
8219
6595
4282
5731
3630
5501
2045
5363
1692
4653
5892
2253
1885
3315
8642
1726
3997
7482
3663
9795
9662
4637
4332
3834
1933
4097
9426
2753
742
3428
9149
1069
2117
9451
3871
1887
5959
1716
8109
7578
5248
6508
8061
6660
9300
9083
788
1619
2895
9109
1959
7884
3015
41
6462
7984
4129
9554
4702
1740
2981
8834
7206
1058
1864
1321
5437
5645
7115
7925
1356
148
8532
5290
244
1169
4302
8650
5772
7849
621
2666
4141
7312
6799
3722
9548
8640
5294
5477
5867
2260
7061
735
6074
8541
3986
9448
650
9702
3621
2295
6841
6309
4529
9835
6412
7989
8263
5236
9640
9756
4050
3563
4139
397
730
6633
1814
2281
4363
4864
7057
8054
927
5752
9375
4618
6913
3694
4221
755
3658
4690
6109
6188
7755
8281
3714
8974
7951
6006
1694
5526
9226
325
1582
5675
3050
2082
7726
6523
6434
841
7249
3871
4113
4131
7189
1442
7823
8903
9380
5646
7945
9884
2429
6868
1905
4943
70
1902
65
5384
1340
5326
621
4144
5761
7014
5558
6209
8147
8409
6032
9383
1732
3770
8537
5020
4096
6165
2742
662
7251
3528
1437
2630
1922
6410
702
6235
392
9374
2326
661
7416
5429
7393
3153
3739
7994
1988
3285
9173
7276
8933
6396
7208
7200
7760
6484
4313
3275
7481
1178
1567
5625
9183
3059
1722
9063
6207
4147
7998
5192
3402
156
4372
3263
3714
8766
5454
1462
1180
812
8948
4396
2758
4834
4105
1020
4522
8816
3047
8452
3902
2153
9156
1204
3272
7846
2753
7350
4653
5490
698
6800
5869
3340
9174
8778
2070
1613
1775
5127
9541
8184
4283
9589
8116
9330
2968
9469
4728
9394
4300
1737
8338
9643
1206
3773
8742
1398
7907
5051
8465
9287
453
5952
5995
7327
7507
4708
7509
6029
3232
6531
4738
8596
378
2912
9462
8699
662
6202
8926
6662
3141
697
9987
1794
3951
8041
3395
7162
5161
2348
9000
8107
6545
2013
9106
5871
4473
5411
5779
6571
5558
3471
8354
967
5272
1909
6498
8218
1696
3429
4106
9848
809
6878
1066
2662
5539
9073
8521
3317
5623
7171
7431
1159
222
4756
6211
4882
5351
6972
1903
2230
406
8489
8863
6931
158
9840
6653
1958
2278
8998
9266
531
1368
5917
6641
1603
3425
5319
3051
4511
8808
5169
2024
9277
1846
1416
2145
4195
2241
6855
685
2210
7282
9764
1272
399
333
1665
3038
1240
6425
3498
7650
8505
2232
3210
3496
1161
5017
8430
230
1267
4946
3639
3845
955
3364
279
3765
1546
1579
1394
1328
4076
1331
7086
2937
9188
935
3071
6014
1554
9961
9651
131
9597
3284
3271
5782
6080
1903
5171
7975
3091
543
9705
6917
5640
1257
2691
6789
5678
4021
2250
9140
6443
4138
4268
4698
6513
9955
8909
5981
2747
1357
6140
862
9880
5057
6392
203
4224
6301
1575
6205
4693
9713
4916
9934
3255
5787
9319
1624
117
10
6698
7766
3728
5871
3324
6131
3232
1197
4728
5916
2204
5507
559
5384
1217
5139
8688
9087
2139
1289
4700
4228
8617
9138
4878
3082
1933
1792
5586
9840
5687
849
5135
7509
4603
2263
9310
5541
9770
6681
3010
8285
989
4690
3761
9276
3352
5667
2545
5800
6320
1405
1949
2877
1400
4660
4613
8563
2050
6850
2240
1894
4100
322
669
4001
5167
5439
4896
3236
5644
4079
4277
6881
6349
3905
4816
2253
6795
457
9409
1448
5041
3371
7276
4334
5681
986
7342
5093
517
7881
7293
4782
3426
7791
8930
5878
3446
5010
9106
1510
4001
7020
4931
2628
4019
4577
6360
5833
7670
8917
9320
7491
688
1652
9067
4785
920
8705
6443
3407
2106
69
1864
7157
969
6901
5788
3458
6865
4501
4065
8487
7118
6269
1102
7702
597
3030
1981
3940
4071
8247
4638
1330
9071
7993
5290
7307
3325
6666
9252
6125
59
6462
9012
7388
9557
5204
1750
3921
1014
5118
1603
729
4474
6809
4257
4173
938
3392
8900
1771
901
394
5211
2842
3294
7991
4637
3177
5263
4537
5307
7443
4619
9836
2628
6399
5148
2304
3736
5323
3876
5357
2070
5395
181
2609
6815
1402
6988
7698
7998
2736
7252
7837
6676
4404
2159
4105
1253
3201
1586
9138
5753
9681
2828
8369
2015
8474
4566
5219
5443
2293
5861
7998
856
5094
4120
2293
8925
8925
5969
7539
4588
9647
7992
221
4966
1357
3785
2616
4664
8205
4015
8923
4179
3283
8006
1408
2914
1674
9754
5207
8028
6620
3485
8475
2113
8633
7060
4614
1137
3820
2159
3911
1418
1307
6826
5080
5465
3246
4254
2806
642
496
5504
494
9183
1346
9035
6553
5710
4809
9791
5911
4985
6035
1931
9839
7997
9690
3620
7330
9175
705
4973
9494
131
7474
4389
8573
2916
8927
2408
3635
8421
7675
5601
5908
4017
4804
5088
4514
4530
9988
5886
1026
7055
5279
6218
5867
6708
1396
9861
7397
5678
1043
368
1428
5765
773
582
987
4736
7953
7834
2313
3335
8046
3428
5326
4043
9169
8456
1064
8966
5168
4473
584
7675
5075
8604
4540
6605
8715
3337
6003
7517
1590
8492
8891
9906
854
7539
2161
2860
401
8875
127
4846
5705
3170
243
1052
3548
6781
4788
2696
9545
4617
8967
9907
1255
3084
4293
833
6649
6802
1449
831
7360
7843
8561
9162
728
6326
1755
6198
2729
7267
1875
730
2833
2197
66
6648
1204
2034
5280
350
8453
8021
9236
1363
2979
1597
8754
2631
3039
6169
3321
1300
90
211
4673
1302
3908
3833
1341
2485
1826
5195
3436
4201
8428
9860
8122
64
1978
9933
429
8520
2026
7361
9513
9934
7001
5489
9562
1380
1235
5780
1659
6914
3814
6878
3117
4289
3649
4382
8083
5981
2941
9028
6467
291
4973
6392
9248
6975
550
8262
2257
3092
1947
6247
6602
3564
9777
9928
3154
2694
3115
7711
7678
2128
7956
1097
8641
9814
28
1326
4643
8411
2047
6452
6341
8799
5631
6236
2401
3727
1370
1675
1094
9915
5256
8380
4720
7991
3786
5074
6522
9019
3458
5282
3752
9771
6462
8395
9966
6311
9896
120
6488
5934
5504
3874
4432
8014
1103
5722
9635
9049
1895
5431
1975
5674
648
8522
3226
6376
8033
875
1169
1158
4364
9698
8643
7428
2605
9689
8402
968
7800
7872
8773
7965
8160
938
2809
7881
4655
9929
5902
5213
1868
5897
9921
8354
5700
5250
6770
9210
2277
9148
8746
2678
4282
7511
8373
7225
4675
3143
6548
5414
1795
5236
3250
3073
536
7804
5954
9763
7926
1885
6718
7869
2471
3631
9215
2362
3514
4261
2929
5897
9399
8587
4286
2128
6998
1619
3698
2919
9917
4316
3929
6825
3656
2636
5601
8373
4851
4687
5139
8172
938
229
2572
793
3509
2106
9694
9716
3180
9049
7658
8115
3736
5147
6042
7384
8473
2405
7259
156
1574
7215
5944
7901
2952
6929
370
1820
5607
717
6306
9705
1343
2553
2578
9692
1918
5135
3307
44
752
6177
7576
4072
9257
2794
9178
6364
2120
6984
5060
8964
2282
8915
1921
3979
4455
9155
2380
2160
5298
4499
8135
5173
4406
2148
5683
4854
9720
3979
3836
215
9122
8786
2831
532
8397
194
3861
7187
9372
7887
1176
4198
8846
9676
5788
1067
4759
1829
9165
6112
7390
952
2218
9744
2966
8369
5621
9584
9056
9011
6329
2363
7950
6034
6579
4034
5112
2101
4374
7143
3913
6788
597
7607
4160
2509
711
2098
3910
2263
6054
8166
3448
2071
7654
2936
9500
1414
6794
8990
276
6910
3223
6753
2046
7625
8348
1181
8621
3865
9293
8358
5292
3323
9121
9139
3028
1874
8345
3955
2829
3206
6993
3013
515
4031
1011
8151
4718
425
2852
2430
837
841
5462
3700
3510
9431
3598
3718
4781
5095
2860
2680
2308
5959
431
360
3685
7583
7662
3281
3868
6718
8379
7291
7429
1595
8951
5254
5422
542
5890
4549
9537
2399
4438
9336
2335
6726
5192
6210
2147
3449
5560
8214
3282
2525
8629
2755
1228
6047
7020
3535
9496
3366
1752
2566
2932
8782
4590
9505
7245
6191
5905
5326
5633
2741
421
9480
1148
4805
6369
1525
4659
1830
2124
6909
6039
8282
1305
7675
327
2193
8262
7157
9483
2994
1968
5158
2235
412
5342
8501
581
6084
4126
7100
572
8554
4497
1104
9693
4096
2515
5893
1534
7102
2148
5271
4031
5556
6311
2352
7651
3731
5263
3887
9599
4400
5697
6546
5381
6065
8746
785
5163
8809
4271
1256
5428
2449
146
8806
3609
5177
3278
5332
5796
5085
8092
4298
6243
5236
2578
8971
2925
8914
4965
8535
6484
9652
1227
3663
3023
6190
90
2239
5066
7845
7441
8303
289
2562
4909
2931
5588
4536
848
7450
8031
2076
6435
3446
996
740
3580
2813
103
2484
7878
4331
4734
724
6353
3095
1478
6502
8216
8744
8897
5293
4127
9643
1853
5101
5361
5524
538
9203
9728
1969
3986
5365
3674
549
9325
5919
2414
994
6777
5176
3096
7167
2706
4053
6697
7191
765
7468
4253
4323
579
2891
9265
484
9391
5653
7875
9112
6157
3591
9902
9820
9516
6928
1933
7586
8137
3904
9714
3185
5553
9521
2829
5717
3918
338
1432
3195
5456
4178
8023
6902
7320
2758
4291
7498
1947
7543
6755
2200
4049
1113
8796
6487
6072
8585
582
9087
3147
6110
9010
4878
3186
2331
241
6489
4959
9350
1548
3344
3496
2334
2706
6200
2623
2407
4456
4234
4788
2397
8560
1580
6113
4896
830
2429
8367
474
9912
7047
3799
3306
7961
249
410
8542
1825
4659
4131
4392
4666
7763
4327
7541
7405
3329
7865
6589
1034
2942
4517
5597
9810
8160
4962
3493
2938
1732
1490
9918
6521
8723
1502
5423
917
8184
2777
2074
5994
3826
2675
8861
4534
1836
4538
450
2643
4900
7716
4984
8882
2965
8026
5997
2990
4091
541
1434
1576
1098
6789
3811
3830
2430
6935
3694
8408
2607
7770
8765
5889
3290
9263
6845
1987
8022
1840
4866
7960
1651
5408
2498
8376
8646
6446
2089
1835
2668
8474
5631
7474
2940
6012
393
2486
8587
8330
8421
7447
4018
3648
7526
7658
7146
9446
2708
536
9476
9399
9207
8494
8998
4041
9294
2972
8980
8134
4807
8156
96
2212
3235
9464
5019
9263
4161
1930
3948
3177
6677
2014
2290
8490
3129
8399
1736
3209
3983
1585
9763
6480
1664
8260
6147
5762
3582
2431
5482
3225
1518
3756
2784
9306
9584
9655
8947
7428
8167
7634
55
2446
3307
4728
4801
5336
9012
8371
5848
5801
9470
9900
9159
2237
6949
2806
8612
4817
3974
5298
9280
2158
3270
5871
4858
9572
2182
9771
7625
3250
2054
4127
7495
8807
65
7118
6317
4875
9088
1777
1216
2365
1554
1852
8032
6117
1150
9176
3378
5888
9196
6745
4841
7595
3359
9815
383
152
3756
2146
6014
3449
3931
1057
4600
6017
578
8715
6662
9854
1079
8988
7384
7584
7881
3683
2897
7950
6326
2168
2218
4920
6563
3529
6041
5905
9395
859
2526
3766
2460
6924
7595
6853
7175
8605
6208
5857
6266
9899
5805
7836
9559
7879
4898
9570
1656
6451
980
4217
7728
9669
5714
4884
9343
6252
8725
4958
984
4992
8604
6962
5556
4145
753
2731
3596
4353
9147
9113
9494
3306
8181
9491
3351
2591
3045
1952
2724
1198
2322
9558
516
4876
993
3563
7282
9462
754
9885
8529
4384
9383
6074
9988
5587
3686
9875
8865
3679
6621
1162
9942
8571
6366
8059
4002
5519
4736
180
9137
6915
4320
1853
8423
2966
8472
2983
8389
327
583
8326
409
6341
5962
3268
7655
4329
6034
7417
9799
1666
5134
5553
9574
9589
1599
7482
5863
3750
2247
96
420
9584
7693
8752
2082
3608
7039
7511
9066
6165
2533
9101
5055
5607
7874
1312
3717
4245
1426
1616
6328
6835
8917
5325
3925
8042
2173
3107
175
2912
3588
9520
9226
4341
2911
2753
9364
1600
8180
2615
7147
5692
3900
1418
7399
1383
5291
5270
1788
326
7767
8043
4632
218
7656
6991
1485
7794
5610
3333
621
3858
4359
542
7658
5447
8390
7821
2650
9012
8889
7287
21
4211
5567
9279
100
9787
4733
32
8539
9027
7896
7046
8093
6124
125
6229
9375
7134
7684
7486
9420
1833
3995
849
1376
5324
4276
3583
3821
9485
6127
2219
3991
5719
8109
9282
965
4443
3030
817
1388
2479
1283
832
2147
6825
2131
7783
3420
8206
1056
9856
501
6244
4776
931
4640
126
24
7842
5768
7118
1297
3360
9399
9981
9512
4956
3990
3282
7219
3718
166
7334
9486
8228
805
7131
679
4056
1896
3259
7727
1003
9342
2865
5993
7184
2852
1295
5105
9033
5672
3057
2634
1052
8919
6240
1897
2185
5118
665
4661
4362
9176
7469
3407
3503
8486
9529
1957
4157
4472
7880
6968
5116
4426
6532
199
3480
6213
6715
9954
4137
2570
8369
7300
1462
3455
8408
9721
6558
3438
5026
5520
8953
6375
6169
6452
3178
7301
5783
1574
8786
6567
9284
4089
4856
8448
296
6282
4905
3108
8546
6833
2305
4207
1403
984
3398
3167
3635
9677
4695
8519
123
1035
8866
8243
4058
4338
1817
6908
2367
1644
6513
9398
4077
1391
2378
98
4266
4217
6527
3300
5758
1388
6254
3168
3336
5481
7623
5791
5635
8006
931
7457
8389
6390
4790
8592
6261
8013
5424
9420
8756
5977
7200
6666
701
5079
3509
8551
7308
2198
8070
3673
3081
5828
4580
4521
5917
501
6138
1795
6390
4873
921
4859
127
5297
7751
9506
6302
9647
7445
9140
8573
9016
7410
4850
705
5282
6535
1458
4578
4132
572
1513
7791
9894
9834
5882
7565
424
610
8660
2284
4931
975
5306
8468
5639
3953
6045
8519
785
6948
8223
9718
1488
3611
4998
1648
3713
6450
2243
415
2545
4843
1081
7372
8487
9886
4431
507
4458
6525
6220
8000
5679
5506
7303
5607
1843
6027
699
1486
1082
2510
3561
2334
5942
1000
9083
662
5329
7726
6139
172
2339
1124
1334
9739
871
5650
9316
5472
2122
477
2966
5096
3883
5156
3137
4641
7628
6528
6491
4124
4199
4406
5995
7798
808
2680
1461
5580
3674
1321
2385
2969
8989
1668
3502
4126
2810
7666
4085
3266
6338
3805
6463
5853
3667
6458
3053
4238
5428
5289
839
4218
9273
7689
8254
5032
35
5079
271
663
6863
7994
2086
598
4722
4964
1267
3902
6652
9918
3022
4818
933
4807
2558
658
704
4827
7066
1949
647
8547
7420
849
1834
3456
2145
4969
3706
7017
9859
2408
9504
8527
2538
2342
2630
5219
8273
8629
3046
998
9082
3220
3520
8792
2932
129
2802
6622
2270
3587
6572
3994
6878
6262
5111
717
7376
3167
7147
4741
3
7290
2144
7630
9761
5191
1032
3388
9071
1175
6003
9288
9098
9852
434
487
2227
883
1703
3132
7835
7966
5231
2062
1950
747
1658
7333
8796
4434
9250
9361
7549
8923
4732
8596
7379
9190
4983
7917
9603
1474
9119
1992
7649
842
3608
9562
4827
1157
91
8618
5313
8230
5410
5148
4365
124
5669
915
2218
758
8917
1614
5381
2741
3918
7836
145
6212
8303
7054
7947
5210
798
2442
1514
4105
9145
3755
7494
2869
7246
5607
6056
1214
4838
4689
5082
3541
280
2832
7833
8776
4783
626
205
6141
364
1433
1617
2926
7592
9199
1356
5299
8274
5023
8144
1925
6468
4257
7204
9553
9007
6006
1686
9502
2806
9350
4044
7410
1931
9513
8285
5597
43
6973
1603
8788
3272
9498
1623
2363
5382
363
1853
9540
548
9956
5425
7562
7486
2001
6468
3092
1118
3943
5529
3250
5746
6495
3592
1994
4995
1390
331
3444
409
4862
5846
145
5113
4863
2441
1308
6606
1172
4516
2600
5416
6328
375
4432
5883
9701
7930
2325
6998
9119
8681
4641
1877
939
5282
3681
8634
4009
8766
7294
3478
9867
4798
2650
6124
2822
1921
3565
9271
4469
7323
6840
1992
1621
7869
6415
5594
2144
8320
3960
374
3958
9931
9025
9642
8930
4105
6190
7183
2105
6704
2595
7742
8612
8596
4248
9461
892
1478
4789
4494
4110
5338
2859
7134
1541
6688
8209
7553
3798
1729
4013
5325
5478
3126
3318
7606
7657
2864
3528
2453
1132
6608
5300
1307
4043
3944
4916
1421
7334
7613
9760
5072
6893
4899
185
8312
41
8881
4529
9357
3102
6131
8503
8939
149
6917
9120
8206
1333
5568
9009
1424
8247
2705
8669
4891
2414
5917
8607
419
3039
9965
7228
1151
5865
546
5364
1791
9672
9932
4675
7188
2428
5330
4038
5774
8811
6744
865
1107
8294
575
619
2002
2314
9759
7700
3904
8653
3509
7167
8716
9485
6511
4652
5169
6654
2853
6175
1616
5140
2917
2270
7747
1739
6435
9461
7846
5016
8251
1202
5669
3110
8145
4492
4431
9712
5913
7414
4053
4488
3547
986
1199
3999
772
1990
7950
950
1848
2993
2605
4412
3444
596
8292
9132
7950
3268
1498
4269
4036
8870
5408
4777
6661
1650
4677
3005
4529
3000
4172
1201
2479
3280
8467
1632
834
6159
7887
8361
3158
6999
2416
624
5980
1441
4216
9704
5534
1906
8357
3169
7469
6635
7065
1716
6793
63
6794
2488
4169
4903
7603
9559
3740
3796
1178
7732
5111
7259
6643
757
6547
4228
780
5999
967
4288
2887
3501
7131
9957
6163
8882
8945
6801
5720
2429
2840
187
7425
4992
5949
2318
2627
8095
4357
5958
3931
1189
9408
4918
6996
712
9687
2642
8151
7668
5433
2839
3910
8464
2069
1608
3486
1090
1375
2909
6507
4405
5976
5351
190
1729
5222
2110
7185
119
642
2151
9392
9876
6310
1306
214
9468
9115
8184
7551
1843
9144
2
1891
3488
628
3804
7606
1555
6349
9197
8867
1178
1883
1924
5280
373
6380
7072
431
8368
8091
1084
9047
6802
7946
7853
3000
2434
5669
1618
5050
1045
5399
2818
3973
3801
1566
2716
9469
7773
4592
8100
7437
6464
5209
4170
2276
3100
7353
6034
9265
3631
7641
4959
9170
831
3557
5100
3657
1459
1540
913
2206
4047
6260
4114
4680
6729
338
2319
3867
5438
5933
677
6713
4457
5150
3844
7953
6508
8391
298
4194
7197
9022
140
9543
8670
9383
6111
3782
5227
7372
8562
8604
5436
1184
4585
148
2574
9364
3565
5886
172
9295
7021
8767
8293
6751
3488
4015
9877
6810
6132
1803
1925
4666
6117
5459
1216
4424
5620
3298
7931
468
6846
3474
6310
5184
9787
4898
735
972
7046
3408
9437
2468
2690
9840
9920
371
1525
4028
9670
5206
6658
6979
245
3378
7188
7345
8602
4989
4138
815
6472
3624
2315
6700
8910
2978
1769
7718
9342
8467
9703
3764
9001
2479
6162
844
1728
6901
183
5570
1512
5518
9335
8294
9557
9981
8127
9165
1104
3183
7000
339
7554
4761
7221
8727
7744
3757
8091
2949
2638
4894
8730
3264
6180
6605
5118
452
2419
7557
1037
9992
4071
6704
9842
7667
3329
3977
2900
7246
9630
5084
8792
5299
374
5972
1455
127
3477
8526
8974
1658
5367
662
9489
4717
6573
5820
1750
2140
5699
8469
481
7286
2098
5054
3522
5322
8757
4871
6719
9048
4776
5018
903
8053
2384
1093
2794
3183
3418
4798
4859
4938
7878
9005
3593
3343
468
7188
8491
3789
512
1642
5249
7854
639
2559
6577
8101
1859
7417
2978
9061
8044
2644
7358
3782
9858
5125
4769
8079
8105
5417
1229
1524
3194
3983
4982
428
3822
492
3332
2527
1796
3366
5551
443
6149
4318
1790
4169
4114
5604
1234
4682
1718
3073
4162
9162
9239
7002
1406
2685
9609
4583
5406
6563
461
8451
8954
6789
5880
8581
445
8768
8101
7247
8090
847
3834
2849
9507
7373
6430
7300
7507
494
1906
56
2017
2341
4841
7532
8733
6075
7289
9031
9207
2328
6261
191
9564
5865
2879
1563
7204
3748
8974
5127
6513
5238
9817
5025
3818
9380
5523
7738
5994
9073
2638
9571
9215
1488
7920
2476
6566
5019
6092
449
7736
3032
4079
1054
7232
2410
4672
2308
7169
3013
7073
6514
1015
9850
6287
6572
494
9356
1320
5297
3433
9684
1257
210
2615
4192
604
5584
4881
8107
8741
5830
9996
2845
9477
4708
4352
6791
6799
2721
2830
647
3506
9190
9559
5478
87
6742
4948
5864
197
424
4218
1013
9698
7368
5734
4832
1135
5588
3081
6147
7566
6016
2630
7066
2810
3689
527
1611
2358
1175
410
3458
3242
1515
502
8543
3799
1795
4793
9410
6097
6087
536
9448
6868
6611
7978
3729
5789
1621
2388
3447
4625
3931
382
3001
6431
1607
7925
7815
5849
8363
9705
4610
712
4176
2790
4937
8364
8451
3327
9920
644
242
2056
9300
9880
3313
568
8335
7644
2292
6037
9352
3371
9602
5515
6089
9122
3380
5702
5521
4028
7228
6932
5087
5979
6130
4302
6207
5700
7527
2644
6620
5142
6631
3484
1665
1582
5214
8234
1013
4305
7348
6848
7945
292
8724
9154
8832
1560
7855
1051
197
3867
2522
2305
179
7015
1715
8675
9655
9181
8793
9934
1785
5068
162
8763
1844
6275
370
2018
9110
3289
6114
7119
5126
3302
2024
2000
9705
8586
8738
3386
1948
8251
8887
2547
785
2820
1221
8878
928
9896
4016
6747
1439
7867
2611
6672
5141
2007
7276
3666
8329
8293
8467
287
7976
8522
1526
9349
1031
4171
2776
5043
6538
9800
7880
5791
7597
6438
3373
5714
5899
1712
9959
1585
2675
8883
9159
736
8155
5857
5762
957
8101
3931
9209
4961
8929
7074
5605
1607
866
8176
5381
6493
5631
3483
317
4212
3892
2045
4486
5300
3607
6386
3378
3417
2033
821
1598
6561
4482
6285
220
4905
5002
4798
497
5764
3020
3221
477
217
4676
742
4395
4595
8388
4915
2578
7825
9326
7975
6917
4013
1552
9933
8047
1970
4129
4472
4183
6533
3356
3345
6071
5402
3723
4884
4208
1772
679
9066
4854
7799
9067
2339
688
3302
7963
5412
7156
7744
554
5552
3037
8711
3859
7482
1952
9432
4054
7774
5581
3422
8997
9293
6613
1277
7221
7037
9937
6474
1883
7770
7676
2458
1240
3071
2041
8639
9120
6414
2429
9599
605
1766
9731
6204
3563
8652
6764
9890
2639
6366
6504
4806
7488
5894
904
9988
6628
6326
4279
2094
152
536
5273
6113
6742
5364
3843
1794
5093
8820
7084
3797
4850
6598
3156
6686
4765
8878
3042
473
1677
3393
5135
8110
1757
21
2869
786
158
13
4179
1197
1300
2530
5233
6610
3829
2415
5798
7018
4732
3048
1601
5386
4759
2326
1925
9951
5842
5127
7975
4561
5230
2477
8705
2797
7324
9865
3250
9888
2041
6252
2201
156
910
5037
9110
6706
498
3050
1988
3772
5956
4253
7045
5153
3391
9870
3956
2331
7918
6170
3305
4241
6730
5610
8813
4819
3969
2761
7324
1978
5804
8123
7019
2494
5485
3841
1815
2298
9265
6537
7180
7849
1102
3012
6005
3179
8147
7037
2976
5503
2731
2019
2200
9541
9510
3636
5153
8091
1614
356
5809
9538
4724
5858
2143
8254
241
4242
7346
6762
1402
3505
9947
3019
1860
3096
546
3832
3546
6584
7244
1018
3733
6882
5333
2464
6841
4283
3876
1467
19
3020
3804
5901
3609
8948
5811
6716
7091
9332
646
5567
5418
7598
1238
7153
2306
9639
74
8848
378
3931
6043
3500
4766
1034
304
7192
7520
6030
6497
9241
3929
6951
1303
8873
1150
9873
6562
284
3651
4725
6829
8635
3464
2479
3782
6197
2862
1147
5563
670
5746
1692
4944
3540
807
4142
4678
4322
4285
4851
45
575
7812
7735
2797
2965
1324
6425
4972
3562
9897
6407
4830
5187
7896
2369
4154
8189
7149
6892
1783
1620
2770
5258
9472
5591
2498
9440
9950
9813
9706
9711
994
9853
9124
8602
6212
3971
1952
1847
8870
1918
3562
7888
7849
6490
1288
9338
8190
6462
3193
2501
3902
6029
6257
3783
1698
3019
2130
3597
7028
2328
3354
4755
654
7343
7671
8635
1096
9379
3722
6951
3744
2495
9483
5573
6363
9167
621
9189
8040
4514
7728
7806
1638
5874
3347
3204
2614
537
2429
1658
9228
8845
7332
3173
3451
5783
5203
1415
2103
6872
5651
938
2918
1399
3682
1289
3252
9834
2012
4195
4949
1124
5933
1693
9582
8686
7855
3026
3768
9726
8801
925
9319
3719
2621
5304
9144
9907
1614
7536
7337
462
5749
2834
2574
2895
5427
570
1980
5037
7831
1621
9759
9730
9680
456
5912
6374
1915
8756
5124
9641
8245
835
9097
741
8192
5819
4766
5022
8682
4081
6760
8174
4842
6625
5598
2777
3246
9721
4382
2231
6070
2138
708
7265
5778
2011
7081
8418
7914
60
3344
6975
9838
3465
1780
4579
9980
3547
2244
7065
8764
5001
1633
9581
7413
4685
9472
2238
3397
6439
4140
5541
1763
3560
6218
8478
7888
2347
715
1593
1592
8159
4038
3925
9662
5075
1620
6048
2543
1638
6525
2613
6825
3218
8905
4079
6004
8388
4214
68
8199
3614
9268
7043
7436
6476
7044
1549
4675
309
93
9764
3186
9884
3145
6302
7684
5338
4010
204
172
1016
878
1537
4027
146
3276
3420
8991
9290
9605
4826
667
4793
4415
9915
2693
61
1107
2849
8321
3823
6528
7613
6494
7999
6052
5481
3712
3824
9816
8083
2342
5723
1125
5579
796
197
7787
7197
3190
3971
1029
4088
548
496
5600
6687
13
7438
7544
2712
3325
8290
6022
44
6128
1406
1579
8304
9786
4503
7562
382
1506
2072
3914
9880
2119
7564
6903
2891
7870
6969
7460
3727
8300
4844
4393
6186
7164
5063
1205
3101
3322
6419
7412
9014
2407
8506
9446
6401
6276
4203
2283
4299
8424
8750
7193
6753
5938
1852
8554
2392
4226
8711
6604
6835
1981
6319
9302
8088
5590
7831
870
1286
8725
9061
214
7880
2602
5318
9438
4198
534
9206
8406
1020
3003
9181
5040
6128
2570
5317
2795
423
1445
1493
8896
1545
8310
622
5872
782
3252
4873
4198
5493
7447
6764
9298
1139
5629
286
4795
7720
2850
440
3976
2304
6782
5723
5766
240
5977
9749
5182
7671
7873
8554
4917
9525
1023
7563
48
4133
7918
4457
7064
4831
6664
582
5215
6061
512
8010
514
5460
6153
731
141
8331
6723
3919
5504
5688
8183
2245
4192
4718
8866
2257
6899
9969
710
7544
6683
752
5047
1789
1073
7485
666
1733
5897
2477
7643
1247
9458
5301
433
378
9508
2307
1573
4676
8889
944
8908
7524
3845
7569
8541
277
2868
516
1346
1827
8065
5933
6342
5609
5119
5502
5141
9777
3528
9434
3022
3476
9784
5097
5695
7747
9586
8908
466
6758
2508
6635
7278
5591
8746
8631
4224
2368
7153
3650
4849
2441
3918
9074
7578
1036
6458
8528
5815
8439
3288
3283
5871
7175
3870
6095
3634
9090
709
7210
4704
9169
7624
7999
1892
4831
3961
7430
64
5334
4320
2488
6371
7492
8629
3423
8331
5689
3642
5173
9423
2679
4710
260
1082
9957
2732
9906
1431
4323
9890
6731
1607
3623
5553
6509
3770
6223
2552
1658
9506
4925
9447
6086
1232
9103
6430
3043
8631
2316
8549
9145
6732
7004
1794
6078
6312
7107
1507
6030
2335
3325
2718
2312
5446
1591
9150
3539
8644
8670
4300
2889
2660
7619
3549
2273
1901
3762
2287
9797
8596
8946
4190
1093
2142
8599
6978
2324
161
4457
7293
7891
8536
900
3039
7603
8316
6500
2884
595
2457
6536
9313
5999
1651
7954
8426
8215
1259
9844
6338
8911
8252
9436
3084
2904
4264
2090
2383
7577
8772
2932
3047
1662
7646
1624
2784
1553
9389
2365
9326
2477
4876
9524
9803
5244
8405
6100
507
7082
7931
7142
9252
1714
6512
6673
6552
8657
1220
5594
4412
5434
4284
1967
4721
9852
3776
1706
5896
7911
3352
8690
5664
3617
4613
9954
2798
8519
2847
4235
4525
4603
9811
9488
5357
459
5662
9768
1557
7745
2163
3078
8626
3844
1829
8497
3957
8637
6684
7033
2712
1838
4471
4147
6520
3284
7929
3566
6625
5037
8253
1298
5319
8857
7794
5647
2471
3575
2317
8861
9079
6220
4602
2391
4795
3064
2436
3292
1079
1588
5396
4128
8794
58
9371
9107
7529
248
2845
5622
5619
9219
5305
3697
8457
1501
9321
3422
9174
1584
4489
8448
8604
3350
4291
3775
4391
1672
5685
7617
4969
2739
2391
8951
9182
9498
277
2719
334
3733
8936
4491
1118
5421
143
3498
1574
7007
6945
7908
9955
7882
6213
7455
5593
2216
8437
8563
6912
5733
4017
930
5835
8079
962
179
9005
1464
408
369
8520
7348
3321
8920
3450
3658
5555
259
5552
5730
23
1765
7915
3699
8798
916
5687
574
8756
8617
6008
6271
675
6715
9928
4731
2634
9898
2727
2485
2541
1536
2910
5369
564
8898
7111
2941
5151
5774
2040
175
1899
8307
1459
113
8002
7258
8593
802
7142
4977
5186
1722
6702
6632
5401
1394
6881
6930
2501
8730
2388
4812
6966
5658
1223
1423
1722
7253
8002
65
1034
3049
2376
2450
5191
2936
8990
2288
9872
9448
2871
177
4251
611
5057
2183
9596
2257
9328
9103
6720
3885
7154
9641
8236
8486
3515
6529
9292
8902
7561
3353
8190
5963
2491
4696
5962
5563
6226
6062
4496
9537
4789
3925
3589
7154
2359
5306
7579
606
1801
3948
555
7981
6139
4951
4484
8539
1019
3539
9207
6289
2895
645
8456
558
2159
2778
5463
1454
3413
1217
8294
9725
3266
2641
2778
4035
1579
3416
2742
675
3212
5727
5359
8371
7315
164
6397
9817
9363
7100
8390
7103
9056
4145
7908
6880
4282
6283
2048
7031
5721
6532
399
7271
2491
773
4936
3661
3808
8608
1337
4164
3357
3856
4470
4582
1367
2233
7382
1647
7273
3165
7929
5165
9508
2648
6993
5238
9537
2178
7821
7818
674
9999
8437
5758
3766
3706
6393
2275
8931
344
4909
1202
6841
5478
8651
2900
8608
4809
518
7524
4447
6957
446
2658
5333
8750
7571
738
7644
2793
9754
634
4188
3563
8280
9769
6379
9777
8356
5455
6191
7859
3279
324
5118
8364
658
4561
7560
982
3220
692
2139
397
9917
1298
8685
8090
3811
4942
1586
9044
2792
8889
2673
4427
5358
6563
8775
9516
1661
2189
4128
1744
2208
4551
8294
3288
9752
5333
1299
5811
2585
4667
543
4429
3339
3596
5101
4296
6590
7199
8218
3414
7395
9263
9703
9707
5998
571
6713
3200
6474
1746
4530
3171
1133
7089
4796
3404
3912
6942
8796
604
9327
3365
168
7299
3417
6709
700
1911
2322
4897
5100
8876
6709
2340
5027
4643
7776
4233
465
5587
1392
8342
207
1374
5494
3341
9174
6575
906
4291
8798
4367
6723
6530
2833
3718
4667
5002
7275
2214
7859
9790
4901
5695
981
8063
54
6261
7154
3179
7275
5802
1358
8120
2980
1176
7355
5641
7910
7170
7740
9901
4048
7968
21
4122
2771
1069
6188
1786
8579
352
3252
9702
530
5787
6776
6005
1391
5042
8219
7685
2756
8325
1897
1690
3844
8640
4082
8951
9418
4277
6939
5128
232
8887
1989
7818
8590
4838
7737
8179
8399
7239
4960
6906
1328
2713
303
9523
4529
5049
5979
4286
9234
4041
7248
479
2638
5523
8751
8468
2302
3356
7526
5539
9080
5258
5959
3570
7973
9863
1815
7107
7119
8998
2
2210
2379
1210
2113
9271
60
107
3679
6096
630
5466
4365
2859
2317
923
4437
5624
7550
543
6131
100
8890
38
6166
1800
4256
9210
5162
5465
4011
6787
3405
7451
72
6346
5235
5786
1878
9325
6617
8560
4237
5785
8933
9791
5540
7856
7682
3806
5977
7675
438
9147
1551
7037
8599
6873
6842
4982
8918
5097
9038
8990
2862
3192
1456
6753
8847
9225
6092
1702
1247
9942
3696
3536
6385
4766
7129
7969
4689
9287
245
2179
8674
7197
7864
8221
3536
9714
2269
2311
4576
8371
8187
9824
9552
729
1308
9553
3361
3928
3144
915
4983
6147
9381
1291
8393
7769
804
1028
8409
9671
9584
5154
5898
1769
8808
7388
2837
1243
6394
2040
3761
5116
5748
7691
7436
7859
3371
8456
580
7861
4330
7125
4542
6975
969
4224
2258
7492
6069
1410
4883
4642
464
6899
2154
1194
9768
6751
5231
8245
7319
2034
1116
503
1045
9120
9627
8254
6274
6317
3745
2766
6552
8857
9927
6635
1477
4160
8184
6667
86
7962
5562
4140
4333
7013
8355
9451
9185
2605
639
3289
4506
9202
5416
4210
3379
4200
3641
1815
5076
8086
320
9919
5779
2192
6411
2349
3447
5784
1
1656
1273
1556
7790
7068
3106
4258
3947
6318
7168
1915
8080
6850
5227
5076
4714
5711
9506
3990
7398
1877
7383
1042
5677
7609
3947
2206
1550
2342
2075
9783
7142
8878
2297
9185
1436
4676
6372
6390
4772
5931
9124
6246
3254
5568
5296
5233
640
2168
4828
5375
4318
5378
8316
5235
1873
3389
8515
8962
4077
4915
9964
167
7520
3471
6354
3368
2272
8181
8384
1474
1443
7270
1665
4349
2523
7703
2126
1841
1336
5944
6343
5606
2558
5202
4697
8906
7206
3264
4435
9894
8804
7525
8739
3621
9926
7305
375
2078
2951
4870
2943
6810
2872
725
2224
3775
1847
231
4339
1827
8067
5114
2565
435
3522
4439
4878
1685
7176
5202
2249
8872
1941
201
8441
4959
6251
4117
688
638
1973
7595
2540
572
4529
9269
2559
2225
6534
9288
3057
1263
3490
1875
9133
2640
3904
3843
889
9650
1452
5952
4459
8875
4589
5287
5697
5388
7243
8796
8616
5859
5310
6128
1418
9202
9179
4877
9719
4316
113
2793
1851
9479
9686
7352
2297
8645
7775
4179
2729
4492
8781
30
6201
8793
2270
1738
4813
1472
8203
8446
6939
7030
74
659
9326
1936
6565
4498
7923
2047
4690
6081
7460
4827
3226
7566
3422
7336
5989
8966
3902
5866
9950
9567
183
1676
339
2250
595
450
4375
4671
3055
3380
8861
5430
9790
4633
7223
3247
5790
5470
690
691
8444
1894
5145
8286
6284
6395
1026
4495
3225
507
5900
8741
4810
5756
3973
4333
4294
4812
1472
6995
8990
8187
6342
8436
8669
2417
1978
6180
324
8688
3320
5413
7383
4473
2033
305
2448
8917
7122
1621
3472
3361
2667
7179
7020
2663
7395
5355
6598
8489
9488
1455
8844
1190
2938
7445
1897
5560
8674
3058
5837
3929
214
890
4061
9071
2634
5103
9309
9839
1806
860
5730
1023
8531
7919
3358
123
7105
9513
3751
4373
3650
9805
7093
5452
6706
2364
4281
7437
7910
5286
8664
8590
234
4893
9348
5598
788
3721
2239
860
6461
5118
9600
6486
4593
5815
9456
1672
7774
8488
7955
6024
4552
8392
6365
3038
5960
4085
8703
3601
7027
26
7812
775
5402
7526
1772
4132
3993
4195
3765
5971
7088
2658
3271
3491
2366
9559
8483
8709
82
8987
973
9322
7175
1294
3921
9199
359
4221
7686
6280
6496
567
3056
9988
9462
2502
6761
1440
3892
6183
8150
1813
9458
5013
9185
882
874
5063
6528
3262
1778
4621
4787
6276
9204
1275
911
5673
5275
8955
7759
6835
9184
9233
7904
9579
7037
533
8127
7873
667
3878
2786
4868
5145
453
9460
3366
2963
8824
1422
8869
456
7598
9751
6622
3059
1454
6230
4625
8674
809
5425
5253
6004
5811
6216
9282
8409
5058
1065
3890
1140
607
7747
5402
1288
1100
9773
4633
9870
8599
2565
7232
4698
5367
4259
3492
8763
3953
3688
1820
3543
4386
621
1924
4096
8754
9058
2556
8203
5510
9833
3354
9279
8927
6142
6876
8169
6908
106
2459
3300
4899
7605
6563
5161
5731
1135
343
3783
4470
7817
4443
8634
9070
1657
8435
6174
6581
1903
308
7878
9343
7169
6981
5624
8864
9714
2995
3469
4933
450
7580
9732
648
2296
8311
1440
7625
402
5653
6146
1275
3244
2070
8742
4411
6657
5014
3451
5150
4235
421
6745
7186
2283
4415
2188
7770
532
7104
8797
2235
8191
7165
9543
4367
3871
3839
7183
8928
5965
384
9371
9643
6625
4056
9365
8203
2549
6286
5559
5349
6893
3030
6093
5742
7181
1976
8453
9325
3430
1543
8981
1016
1658
6497
360
1494
6770
2828
6476
9327
7023
1139
6555
4367
9410
5325
722
4722
9500
2635
4542
7566
4305
3756
8002
7474
2646
2303
3960
8461
2181
964
1643
4721
4872
2531
2195
1239
822
950
556
2445
225
6768
291
1815
9578
3059
427
3449
1503
4189
301
8627
7349
9482
4203
1449
8781
819
4365
1680
4394
4007
8620
3486
3144
2712
1250
9031
9779
8377
5708
2594
945
5129
1383
3885
8986
5306
9634
8918
7592
9596
3963
2425
5963
4645
7481
8521
7615
1886
1961
4709
9620
1684
3529
4361
7167
7813
2204
9890
4295
843
2523
1095
5929
1772
106
4550
2588
8497
9503
5045
5203
4772
1191
2510
4936
1381
5702
9887
2338
1483
6578
3719
6318
6021
9195
2511
9262
3759
1189
1249
6977
1288
2931
8946
9459
416
5050
7817
6149
3301
194
5974
4840
7772
5491
177
2103
161
3111
4609
2418
661
7315
7862
5262
6749
6427
7563
7322
2364
8779
4
9169
8523
5790
6803
5699
5685
7289
6667
3627
7177
1864
5646
1103
2679
5793
2259
3312
2887
5189
2194
7420
3011
5276
4309
6849
3534
749
1202
3555
3718
9801
8885
5511
9946
7954
2831
8894
4960
6247
2859
7083
3625
7012
2125
1176
5047
1984
6726
658
2555
7411
1783
9186
3376
2428
474
964
2590
6915
9653
3638
6781
2477
6014
8086
7931
4861
6485
5657
4186
4841
9102
5087
9430
7897
9477
3874
8801
751
1800
9249
97
1167
3221
7730
5748
3568
4288
7969
2793
8200
1695
1437
3191
3095
6136
9384
7331
178
9222
488
4553
6131
3621
2419
1493
6075
1989
835
9923
2782
8270
2159
7581
8258
4383
2018
5676
3665
3716
243
2106
4866
3503
4018
3712
7741
9793
1908
9238
2903
3699
8738
4473
5229
2288
4825
1565
8033
6207
6325
5099
1692
5463
8448
2011
7688
8870
6380
1587
5040
5901
7656
2841
4149
7856
7972
7122
5558
9198
6948
9307
963
2539
4745
9516
3155
6017
5795
7666
3560
4435
7734
6584
8455
262
7538
848
1036
6473
4424
9061
2305
7635
4772
6230
5423
210
7400
4911
4956
1715
7451
7453
6301
8702
8792
4507
9751
3843
9021
3970
6100
1181
4816
3246
3575
1400
7064
4578
9274
3400
6090
3634
1900
6462
2291
7381
4421
147
3232
7512
9237
9098
5593
4225
8814
5493
1169
2717
8770
9280
9965
2676
5551
6236
689
8891
555
4282
6250
7358
2617
9868
1394
7424
3997
3761
6697
2436
3243
1888
4574
5678
4151
2016
9383
150
9797
9413
9963
1028
347
5012
6170
2092
4863
3170
5464
9948
6613
5526
6835
3448
5272
4467
3607
5086
410
3337
2717
9351
7249
5273
2555
3818
1890
8847
637
9855
8795
1344
7316
1164
8694
903
3062
9246
3380
4477
280
5594
8334
8602
1808
5068
1245
2201
3946
4431
1464
3108
7155
1716
2341
2238
7356
972
6019
1448
3667
4432
7984
281
3283
9688
1683
5462
290
4904
7338
972
5135
179
8169
5163
1504
6229
1492
5587
4927
6859
9410
9188
1515
6072
3453
8642
8547
9168
4380
4686
8630
7291
9743
5552
5417
2671
1913
2267
1123
427
3570
5741
2146
7203
7393
8431
6923
4201
5030
9241
6166
4085
982
5504
7423
4200
1148
5374
1086
1834
2556
9878
8669
1005
6244
4853
127
6532
5614
560
1046
7493
9384
7904
5102
8724
5557
1841
8375
9498
2975
8022
7041
9824
5060
9899
2072
3655
7146
398
2763
3078
4020
1407
8545
950
375
2546
3986
9764
5859
4169
9990
6131
1635
4921
9996
4415
5463
5297
6794
7636
9881
7930
4522
7397
3939
3065
7658
6958
7095
3527
9963
7996
3037
4321
2415
822
9920
1054
4448
8835
3914
9028
6580
735
3503
9638
6325
2880
6813
8074
4076
4490
9211
7827
8908
4650
3337
7254
2848
6020
443
484
5439
7127
2398
7267
2361
884
2387
4860
7985
6165
543
7272
2657
2573
911
8498
4955
2962
192
2871
4381
1406
5595
2504
5476
2798
739
3089
5756
2413
3786
2202
1319
9298
4592
1538
3422
8716
2645
2104
1775
9982
9416
300
1725
448
2674
852
2938
7615
9405
487
1003
5613
3035
7171
8216
8978
7101
8000
4358
252
5456
5059
4991
3413
6142
8486
1573
7356
8861
4208
375
9391
4365
1047
3412
6340
527
7665
6518
7027
1921
2964
7907
3860
4054
9735
8172
4104
2596
2357
5739
3028
9205
9028
2359
7466
6738
3595
2321
9693
3463
5357
181
2343
8024
5897
3453
6706
1838
9799
9871
1694
5400
139
1805
4777
4385
1008
5829
738
9794
2601
5709
1943
9605
9797
7529
5302
9459
984
4580
5305
7469
7497
7775
2239
7626
2755
5590
5494
419
6707
6702
1656
5722
6917
8609
8508
786
4902
7456
5704
7547
3737
961
1959
5486
6545
6236
2031
3012
1563
5676
3863
7138
9155
2902
1531
7805
5470
6290
2124
747
531
1104
7957
4622
438
9363
7173
5468
1626
590
9798
906
7107
9571
7813
78
5942
2967
1610
8059
1411
6538
3701
370
5833
9959
5564
2290
8055
8405
5894
5394
849
2874
5140
1161
1255
743
394
4203
3013
1290
7378
6408
7438
3596
538
426
6105
7945
347
2716
2999
7535
5407
4511
2213
3046
7245
4211
6715
9464
2504
6891
1256
9927
2023
2617
642
7012
4292
6505
6772
3731
3180
2833
4262
8280
2610
7780
3851
4479
715
1160
1457
8229
8416
3407
4232
6411
6214
4708
6528
974
866
8688
3834
7482
5845
3043
8030
7083
6953
6653
2530
9641
2470
5507
2827
5091
3926
6660
2098
6512
9271
5088
5973
1787
4544
5714
5733
4230
6847
8067
2703
8358
4476
2510
3436
4049
7362
8481
4178
3533
8241
7608
5414
9432
9731
6053
2730
7844
7872
6868
3182
2191
1708
3284
2302
9382
7815
8762
3765
8497
8431
8902
4303
6514
3073
3628
1276
9690
6687
4082
588
3068
3638
9256
7772
4087
7050
4101
8158
1726
5431
4395
6224
9336
6564
8375
6390
8059
3255
9772
8210
8077
9336
1133
5173
7426
7084
9627
5010
8121
2445
4619
4271
1140
1029
3719
6726
9157
3675
958
8094
3913
3632
2544
6850
1648
9717
8448
7943
4149
2435
5587
487
9176
2025
1399
2706
8553
5335
2761
3090
8672
2012
1535
2875
49
3094
3568
2902
3117
9074
7458
4769
4346
2067
439
3795
1697
35
809
9593
6533
3509
551
1490
7148
494
9634
4257
1718
7252
9997
3053
7869
2973
5597
8038
9849
490
2086
8762
4462
9106
6866
9328
5737
9049
9589
9077
4139
3522
2657
6081
1703
4005
3439
4472
5198
5032
3202
6630
9769
5436
8482
3827
4177
3857
7511
1133
2850
1899
9563
6912
4330
9102
6011
8907
7738
8867
2377
7918
4642
8997
5476
2604
4624
2657
5541
8444
7715
8345
2002
5944
8778
4692
4325
7972
7812
9762
1670
6122
5005
1491
9923
9648
9444
2994
1570
6451
2726
8645
2969
8981
4416
5506
3875
6576
6658
4608
834
8658
7272
1624
2306
6404
3590
6353
7384
128
3647
5977
7867
561
8933
336
7821
147
8150
8659
9072
2755
429
5229
3081
9065
9068
4793
2149
3221
1871
4739
96
7502
1413
9598
5824
5680
9505
1359
2115
1384
9677
1242
7924
3949
188
7424
5026
9367
504
452
8642
5631
4222
6060
2208
4527
9206
1295
2229
2259
39
2950
6583
1942
1007
70
4552
6062
8833
4967
6329
9280
9908
5802
3575
5165
1195
9181
1544
1922
1570
4742
4614
3835
3002
6984
5860
1779
4861
2686
1953
6649
3313
1746
5920
9570
1871
251
8028
7065
8499
1353
6621
7185
9632
122
3857
5730
2349
9673
3717
5386
9239
2820
5734
5709
7803
6197
4205
4116
495
4697
3326
4613
7282
4069
9736
3984
8509
3199
1441
1314
1305
8226
7858
9297
9625
1224
8707
3256
184
8146
920
3842
1529
987
3003
5525
6734
5841
1343
5637
8119
5876
882
3316
2719
549
6321
525
5392
5778
1858
6861
9454
5193
1531
2951
3238
2954
792
9671
6416
193
2826
9047
5985
9414
3207
2054
2716
5491
7657
3878
2412
4855
7613
7058
896
6761
2231
103
6932
5210
439
2817
7388
6841
9384
7504
5505
9638
958
7347
297
6288
3451
5128
2145
4025
4869
176
8666
6766
5711
8103
6326
1257
4750
700
7559
6328
3745
8631
9095
6634
6566
8231
3175
3273
115
5741
5697
9615
148
2113
7103
1500
7588
9615
8789
9020
620
3328
4686
3672
6151
3650
2815
4468
4474
2118
8651
927
1689
366
4959
1684
8328
8480
5623
8687
8779
4603
9803
3451
4740
2321
8953
9423
9091
8619
8380
4616
5235
720
5948
736
1083
5679
3827
4005
4186
8381
4854
2373
9348
2042
1766
5974
4199
1682
5541
4846
6484
3453
8387
816
8646
1799
5916
3127
2603
1407
2991
8623
5
1526
6677
8567
382
2550
1257
8284
6506
8766
5816
877
9372
8153
5806
7163
1478
9841
5152
8402
8390
2421
6834
6866
1454
3449
5139
8496
9455
6082
1529
151
8082
4640
2240
8613
3501
1362
9762
8545
555
2759
9975
8033
9253
315
7650
8737
2362
5854
7338
6991
1785
6870
6317
4659
358
287
5634
3675
8434
3327
4895
3454
8347
9174
2064
782
5280
3675
987
6850
565
972
1085
7604
7256
9876
9858
8065
6368
8518
437
612
1885
6530
4498
5788
1668
4460
6189
1917
4095
3245
6276
1597
8016
2030
3693
388
6572
8901
1171
3967
2760
183
3628
4214
5526
8465
6817
3821
5329
6615
3351
9844
2364
1600
1987
1798
1164
2500
6239
7617
7841
9082
8941
5430
7469
6215
7913
5126
8971
8622
2954
2108
8782
4130
1097
4082
4923
6155
1176
3629
8780
6190
9768
4457
7800
9147
8240
8279
2876
7315
6917
2804
3592
5957
9372
6237
5994
7481
8586
2172
6875
2611
2965
848
384
2480
4974
4419
2668
8987
4285
3243
7719
5643
4782
652
2904
6808
5378
9019
2941
1160
729
918
5109
6442
7783
2029
8507
7712
5394
5468
2962
7662
4972
8625
5984
3289
2293
3917
4474
6035
5038
1748
1037
8203
8648
8511
8663
6265
9739
7166
3873
6459
1447
4197
2423
6771
2157
9451
7619
4012
2254
9652
3595
4552
2383
7273
4204
8083
5753
3451
3512
2998
8349
4165
2484
3859
6108
2185
549
8599
3096
3304
9932
1424
3770
4903
4848
7471
6849
5656
9528
2842
8770
1146
5668
5294
7412
1839
3958
4464
5369
4596
958
3179
4922
1746
5141
9528
6080
1328
6304
7101
709
8465
5913
1879
6571
356
24
7238
5552
7910
289
6709
2667
480
6503
4170
8043
4740
261
4816
8349
3069
6644
5236
7878
9466
9855
8087
3666
5568
7516
6851
9454
7242
917
4687
5256
4311
5056
1783
1854
8545
316
2244
1132
4766
4538
6960
5461
1781
3786
7588
2474
8624
1869
6649
6497
5789
2771
2000
6192
8969
1725
2898
1544
5423
7440
8939
3930
4722
5256
6114
847
8448
7357
1066
1519
5468
9669
699
7023
6141
4640
2657
994
5855
6346
958
360
3117
6227
440
7089
2122
9044
6787
4321
5456
1470
7259
2051
9834
3657
6785
2405
5589
1390
6076
4354
4266
5305
8790
5206
908
5947
6501
745
4249
2155
7480
5965
1675
9997
5063
7101
3448
9180
9412
1878
9784
1816
3208
2179
2956
2423
2864
9257
4421
4649
845
2081
6842
5360
6218
3257
9166
9696
6096
126
4471
1667
8466
93
3789
4806
4086
4633
5739
9913
2084
9607
4898
6158
6118
7872
9888
7437
5508
7225
4379
7368
6139
9522
687
3073
3088
6181
684
471
3632
2911
5868
313
5932
5543
6975
3412
6372
8286
7582
2825
38
4084
5862
218
3192
4292
7544
2510
9002
2426
5048
1647
8672
2591
1826
7144
9255
7660
7851
1833
5978
8532
6882
8133
2911
3359
8107
7634
2809
6929
9312
6363
8110
1927
7477
5071
6865
9489
2772
1333
7080
4298
7230
3082
9390
4089
4476
4596
2717
9028
3735
6796
741
8253
4917
2392
6522
8549
6356
784
3316
1209
640
1579
8836
577
8211
7033
6581
8704
7810
532
9822
1828
5153
2824
5372
5042
7996
7900
748
3079
5156
3946
3020
2497
1975
875
1985
6379
3907
7271
8244
4416
5303
8767
697
1504
1812
7775
17
2974
1276
35
1837
4728
5162
7696
7531
9542
6494
4078
9293
5920
8694
7074
7191
8626
2222
6350
6941
9041
8
1818
1426
5426
2657
9370
8291
4889
1407
1946
8316
1748
3331
135
336
7014
3644
7413
2246
3761
4706
9683
381
5243
4661
3357
1898
8499
273
7422
244
5037
2362
7867
6749
4381
8114
3104
2398
1284
3506
9948
3287
9532
3630
650
4336
90
5646
9868
5993
6766
4944
8783
6525
7735
1040
3209
3899
7728
4210
5301
4213
556
2818
3241
1501
6401
6397
4994
67
3965
7892
5283
424
7230
4749
8733
1537
779
3447
1801
452
3531
1012
7479
5460
4006
1720
3818
9255
9008
1299
8910
9471
9668
22
5991
4631
5974
9171
4276
9015
285
6941
9511
1289
7556
9325
5167
8007
5778
4372
6983
2259
8875
4089
116
4343
2027
8505
4433
474
1037
7205
9008
9759
2011
2540
9963
9246
5698
272
2578
7397
9821
8178
2172
4520
1366
8051
8533
2714
9004
1366
1611
9795
3303
5166
4879
1082
5527
1050
6701
663
7997
6627
3901
4320
2549
5193
1448
8209
2875
7360
5836
1012
