40 100
672759 74751 598008 224253 672759 523257 672759 373755 149502 299004 299004 224253 598008 299004 0 373755 74751 149502 74751 672759 299004 448506 0 0 0 598008 0 0 74751 448506 448506 149502 672759 523257 373755 0 299004 448506 373755 448506 23 20
13 4
36 15
31 7
8 32
38 24
40 29
35 12
27 17
25 40
35 23
4 26
10 39
36 26
28 31
3 10
3 7
5 38
21 36
37 20
19 34
4 19
14 38
22 33
24 1
29 28
26 38
18 14
24 5
4 18
7 38
24 11
28 4
6 24
24 25
9 19
35 23
8 16
13 7
30 22
10 5
23 9
27 39
22 36
39 31
37 31
6 29
16 8
5 2
25 31
39 21
7 35
2 13
19 23
36 6
11 1
9 37
35 33
28 35
18 9
39 18
6 6
5 5
6 13
3 10
22 22
8 2
6 29
11 9
14 17
17 38
34 16
40 17
4 28
28 27
37 21
26 27
23 34
7 31
32 20
33 1
34 13
33 40
40 40
16 35
32 5
21 24
32 25
5 12
31 35
7 32
10 27
12 33
15 24
35 10
11 38
2 27
18 4
35 35
29 17
14 2
17 21
37 26
37 9
3 1
25 27
13 2
26 26
2 17
26 40
29 36
23 36
32 30
24 32
1 26
20 13
33 14
39 36
36 21
14 35
22 39
32 38
15 26
34 17
16 16
12 20
15 4
33 26
9 38
16 9
21 9
22 35
22 5
25 12
7 18
8 38
27 20
37 39
