1000 1000
2075 6673 611 7628 1571 9006 8349 5915 6227 3750 1515 8800 4978 6132 1768 3475 1231 5995 2748 3140 7930 516 6769 8312 7042 6398 5719 720 3416 7664 8824 7974 5706 3850 7236 3304 594 6273 684 595 2126 8758 6156 4507 5795 502 5540 838 4115 1773 6370 5818 6953 5425 1912 7678 1358 5707 5988 2315 5782 1294 4474 6196 5697 4288 7632 1447 1182 9187 9965 6512 3432 2891 6688 8374 4349 7423 9398 6454 7778 8863 6037 7390 883 3362 8572 4466 1466 2277 5364 9804 2172 3331 5391 9646 3098 2872 9113 783 7518 8542 4223 2021 8464 8337 3119 4074 9167 3796 8791 7490 5059 5107 2405 8395 5353 2457 5448 2465 1328 2515 9671 7550 5366 9160 1724 9768 7392 6162 1499 385 7438 1512 6764 1231 6752 7092 337 3892 3661 428 6311 1508 1414 5530 7533 9775 4316 993 3184 5285 8095 5488 1866 1329 1291 2568 9944 7897 5847 5148 8025 1030 5451 8844 7132 2006 5720 5889 8262 8470 8460 5396 2884 4633 8711 7414 9484 6569 2817 3305 933 9679 7006 3260 9708 5326 3341 2049 5406 1155 9506 7061 3185 3557 9550 3395 5939 1174 5861 674 5935 373 128 9623 958 2110 8291 7088 6914 5425 8261 3149 6434 543 4489 2962 1516 7771 17 5847 9401 2690 494 3595 2003 4913 6384 9470 9648 5813 7958 399 480 3398 636 340 3139 9037 8396 8425 2462 7212 1864 5254 7304 9675 8001 5811 1919 5456 2932 3631 5911 8414 3803 1547 4545 9652 3624 7317 7708 9361 698 887 7099 6103 1307 9885 5098 5724 8957 1151 7475 5023 1431 3503 1380 4874 2328 5578 336 2746 6939 3954 6477 8739 5568 8877 4887 858 7052 1062 7708 8187 6904 9156 5418 504 6344 3348 6699 8836 488 762 2942 9826 5264 2289 1914 514 4326 7916 7231 3183 1920 4490 6054 5735 306 2546 4188 18 2671 4823 8840 1722 6619 6217 2980 8980 5636 4300 3006 2177 2173 1674 6194 535 7028 5831 6383 7613 6571 4619 3670 1131 5875 113 626 1835 4513 9891 6301 2365 7642 870 5329 4542 4347 1339 8792 7070 2385 3468 3667 2827 4786 5066 3536 3094 4038 7275 59 4261 6615 2872 8003 2227 4255 8854 8692 387 6272 6193 3675 3421 5471 8480 4650 6136 2791 1537 7957 4802 5503 2882 5694 1362 9194 3388 2099 302 5842 3466 4340 20 8162 33 8178 3722 4182 8182 5023 8961 7978 6282 7436 8130 4826 6066 2022 4795 2755 5804 7480 8980 1806 6813 1123 2897 1030 9366 868 7595 4491 3834 4885 9836 1894 4577 756 8129 9773 2366 8180 3393 503 1358 2398 2419 9723 2374 8487 8047 4863 2014 8044 1764 1279 3227 2615 535 7686 9770 140 7395 5684 3043 7879 7338 3205 6342 8754 5342 9609 1304 1684 3252 6027 7165 3768 1667 2546 9230 7800 2931 412 9301 2140 8918 5544 3180 8630 9128 7757 2344 628 2243 6820 9685 4608 7639 937 1957 6569 7793 7391 8241 1137 4751 1912 7999 1700 8025 6545 3719 6770 5236 3337 7205 1433 1876 4602 2867 5975 9890 93 53 1900 1983 3072 8640 8279 9405 747 4677 3652 7232 920 6279 6642 2053 9346 3351 7742 9670 1898 9422 3697 7131 3345 6164 182 6652 4162 8924 135 5850 8088 1217 8252 5642 9242 7933 8068 7297 8930 4167 9996 4060 754 5457 7882 8313 3640 9241 1481 572 2377 8250 4885 8099 5855 4096 4734 8803 5500 9369 7831 8764 8552 2140 9457 9885 3426 5484 3446 2747 8217 6059 4305 7522 7092 9939 6773 7245 1503 595 9459 33 6678 4781 2051 9249 6897 4920 1971 1157 4267 46 6100 5067 4211 7585 4643 4265 815 8614 2946 6600 1923 5891 4885 90 1036 3747 5539 9912 4079 570 9591 1905 1617 7273 4457 3966 7452 2680 5158 6428 2986 7002 9607 2198 2717 297 3623 1969 5429 1165 8295 8415 7433 7818 3018 5372 5168 855 3755 5353 9187 4254 7869 9510 288 3257 7516 9023 50 8377 3061 7948 2947 7469 974 6270 8381 1049 1007 2220 6221 309 6455 2030 8656 8035 9273 6657 7828 9330 8658 3871 9885 2655 4412 6639 4197 2963 4296 9310 9008 5316 2188 8390 7749 6838 9335 6430 9638 734 7131 9652 4985 838 8941 9255 6892 4237 2191 3997 6198 9953 4797 4613 3797 5347 7191 2016 5044 5793 9285 9355 9349 7800 4088 9596 6232 9652 4515 5249 7160 2819 764 1342 7563 8961 9480 3314 8483 6418 7399 9591 2320 5887 7912 1191 6027 699 6904 4748 8674 1494 2233 1600 994 9911 7323 4676 9347 3216 8046 2990 3408 2031 7519 4825 5585 1998 5556 7167 6428 1848 4625 7758 5249 5664 183 4505 8183 5439 1415 5141 1213 5427 4087 4098 6725 752 4433 8709 8934 7360 1635 1179 5590 2964 3257 2152 8365 8078 1075 3840 8339 8340 3580 9198 9724 5652 3760 7982 4356 7073 5431 3024 8755 8096 8852 4620 5364 8908 3600 1202 3805 14 3017 3190 8915 4360 4310 9754 4292 5957 4219 8556 4605 9810 4984 2470 7317 633 8641 846 8369 9067 1073 3426 8571 7240 9586 1033 4402 5820 3844 9204 1614 8482 5280 1786 5505 3227 873 4202 3006 3359 3459 3452 542 910 1724 8860 5265 4323 8666 5498 5406 7707 2607 2742 9658 3440 2344 503 2334 9280 1654 6044 3334 2140 8967 4775 8540 9941 1329 5687 879 3148 936 3985 482 3310 8200 5542 4338 5440 3863 990 9599 5820 9340 6639 7834 9159 3949 6571 940 3864 5431 4782 582 7569 7069 8580 3732 5882 7430 2167 958 1257 4582 9667 4517 6673 2792 4987 5979 3838 9481 9296 9797 5953 1542 4255 5426 5751 270 3083 4078 5614 5676 3961 6048 6624 2617 179 9440 5749 6119 9016 2088 2616 8149 6543 4789 8290 5063 9281 8185 4664 5550 575 5576 6329 9796 9312 2130 5563 3957 3746 
2 472
1 411 990
2 35
2 941
2 617
1 884 640
1 582 7
2 16
2 925
1 245 736
1 30 149
2 539
2 904
1 540 913
2 150
1 541 960
1 151 376
1 360 976
1 938 57
1 204 694
1 172 709
1 440 555
2 914
2 525
1 574 524
1 807 589
1 606 490
1 956 621
1 770 146
1 837 483
1 823 171
1 393 96
1 175 2
2 336
1 442 910
1 508 184
1 810 424
2 762
2 436
2 549
2 488
2 674
2 64
2 969
1 545 248
1 954 603
2 926
1 783 19
2 396
2 608
2 127
2 113
2 474
2 606
1 645 698
2 700
1 261 284
1 708 153
2 354
1 64 185
1 243 816
2 681
2 504
2 528
1 424 815
1 576 706
2 700
1 532 303
1 634 963
1 11 889
1 400 517
1 850 747
1 445 978
1 422 939
1 713 835
1 906 354
2 303
1 12 535
1 159 61
2 957
1 948 85
1 454 554
1 906 393
1 228 923
2 549
1 601 560
2 391
2 209
1 459 503
2 993
1 14 564
1 40 101
1 702 334
2 738
2 566
2 386
1 264 268
1 738 989
1 565 756
1 219 394
1 832 404
1 414 341
2 457
2 876
1 528 448
2 133
2 798
1 36 799
1 498 320
1 794 62
1 267 421
1 803 205
2 988
1 78 609
2 739
2 108
1 422 289
2 782
1 835 30
1 69 671
2 802
1 581 361
1 303 111
2 582
1 539 437
1 535 979
1 355 152
1 932 130
1 569 696
2 210
2 157
2 700
2 710
1 787 109
2 268
2 265
2 31
1 877 767
2 201
1 939 972
1 972 449
2 725
2 239
2 988
2 538
2 447
1 523 158
1 530 439
1 37 290
1 23 279
1 46 96
2 564
2 119
1 905 855
2 16
1 982 378
1 536 148
1 8 603
2 654
2 924
2 22
1 252 596
2 882
2 212
1 51 540
2 861
1 874 693
1 72 549
2 442
2 245
1 35 797
1 468 54
2 292
2 2
2 381
2 801
1 108 109
2 776
2 109
1 825 976
1 8 73
2 368
1 447 430
2 837
2 371
2 200
1 506 679
2 557
1 950 656
1 812 536
1 53 122
1 137 100
2 859
1 373 501
1 622 203
1 412 198
2 159
1 795 956
2 950
1 179 112
2 72
2 860
1 395 782
2 891
2 150
1 256 831
2 422
2 7
1 862 597
1 789 719
1 861 638
2 103
2 28
1 594 135
2 323
2 795
2 454
1 752 930
1 592 512
1 532 68
1 954 211
2 855
2 420
2 339
2 504
1 532 628
2 521
1 974 866
1 774 234
2 177
2 306
1 122 262
1 64 940
2 854
2 749
2 416
1 304 830
2 251
2 369
2 204
1 687 516
1 140 277
1 866 753
1 753 930
2 569
1 324 361
1 120 118
2 706
2 360
1 468 520
2 488
2 294
1 484 130
2 57
2 424
2 189
2 908
2 742
1 772 27
1 486 743
1 981 948
2 182
1 717 928
2 56
2 373
1 398 434
1 693 331
2 675
1 474 691
2 117
1 916 368
1 584 425
2 912
2 520
2 6
1 148 676
1 875 783
2 3
2 573
2 681
2 481
1 643 712
1 878 978
2 382
2 601
2 195
1 760 291
2 721
1 821 708
2 310
1 99 256
1 513 926
1 564 694
1 634 486
2 73
1 426 329
1 160 105
2 656
1 237 931
1 184 504
1 293 836
2 519
1 303 836
2 394
2 986
2 318
2 161
2 939
2 426
1 437 692
2 167
1 981 896
1 249 538
1 136 900
1 920 935
2 795
1 260 767
1 485 886
1 257 867
1 534 138
1 673 727
2 25
2 870
2 748
1 573 79
1 414 713
2 740
1 544 597
1 889 699
1 789 856
2 896
2 751
1 263 713
1 496 608
2 882
1 715 384
1 422 493
1 192 909
1 289 888
2 466
2 693
2 332
2 965
2 540
2 991
1 754 655
2 435
1 294 940
2 88
1 435 858
1 269 257
2 325
1 475 26
2 630
2 915
2 440
1 425 92
1 486 290
1 798 289
2 185
2 196
1 560 859
1 761 754
2 855
2 393
2 711
2 422
1 737 461
1 273 739
1 443 689
1 239 644
1 883 173
2 822
1 452 382
1 823 561
1 865 231
1 377 572
2 934
2 773
1 76 822
2 344
1 721 873
2 142
2 95
1 419 934
1 901 467
1 97 272
1 452 396
2 997
2 997
1 614 513
2 462
2 718
2 1
1 627 184
1 124 475
2 87
2 462
1 216 881
2 353
2 382
2 950
1 580 411
1 373 142
2 404
1 936 62
2 603
1 321 680
2 739
1 730 240
1 994 321
2 770
2 511
1 679 7
1 409 98
1 304 769
1 435 683
1 713 104
2 880
1 259 910
2 833
2 114
1 754 268
1 515 583
2 571
2 86
1 716 7
2 585
1 282 392
2 387
2 810
2 949
1 677 456
2 414
1 16 763
1 343 368
1 820 981
1 381 440
2 117
1 103 395
2 509
1 201 428
1 490 275
2 99
2 809
2 363
1 392 548
2 385
1 803 707
2 743
2 494
2 165
1 888 502
1 467 198
2 930
1 484 750
2 564
1 23 760
1 433 293
2 159
2 897
1 794 384
1 515 262
2 990
1 856 767
1 865 635
2 102
2 481
1 210 64
2 757
2 662
1 437 726
1 964 912
1 675 373
2 696
2 898
2 293
2 879
1 234 639
2 130
2 270
2 901
1 257 340
2 374
2 717
1 152 370
2 943
1 604 525
1 569 523
1 669 274
1 279 637
2 579
2 8
2 867
2 992
2 313
2 23
1 578 695
1 17 923
2 745
2 85
1 243 748
2 557
1 897 823
1 420 991
1 643 568
2 598
2 636
1 498 496
1 385 11
1 432 43
1 831 198
2 182
2 518
2 915
1 906 887
2 641
1 522 288
2 172
1 368 240
1 279 715
2 653
1 871 505
2 487
2 60
2 382
2 467
1 921 501
1 997 441
1 302 986
2 300
1 998 730
2 449
2 4
2 213
1 507 206
1 793 306
2 320
2 710
2 33
2 883
2 267
1 703 519
2 56
2 378
1 857 61
1 329 497
1 454 135
2 767
1 705 946
2 187
1 17 492
1 848 858
1 618 580
1 972 442
2 629
1 513 657
2 792
2 380
2 334
1 860 521
2 470
2 917
1 186 377
2 878
1 687 386
1 262 929
1 792 421
2 218
1 207 241
1 68 345
2 459
1 784 335
1 431 317
1 799 57
2 579
2 757
2 525
2 415
2 959
1 993 949
2 777
2 46
2 202
1 526 774
2 824
1 953 192
1 573 731
2 343
1 495 952
2 118
1 454 545
1 971 958
1 922 674
2 186
1 604 179
1 643 632
1 885 799
1 671 582
2 162
1 541 70
2 312
1 532 573
2 920
2 60
1 971 806
1 703 790
2 906
2 543
2 503
2 776
2 582
1 986 479
2 12
2 970
2 871
2 91
1 709 233
1 129 928
2 929
2 933
2 63
1 396 800
1 738 522
1 559 594
1 267 345
2 659
2 236
2 563
2 649
2 622
2 67
1 155 231
2 328
1 857 728
2 531
2 701
1 472 117
1 747 686
2 781
2 167
2 166
2 941
1 210 914
2 955
2 390
2 225
1 134 553
2 52
2 624
2 871
1 332 28
2 932
1 589 248
2 113
1 79 22
2 364
1 882 596
1 13 455
2 258
2 475
2 106
2 680
2 24
1 791 999
2 590
2 940
2 23
2 879
2 781
2 656
2 588
1 337 629
1 66 107
2 44
2 94
2 295
1 594 149
1 418 573
1 335 885
2 503
2 924
2 843
2 556
1 701 823
2 248
2 58
2 128
2 581
2 342
2 811
1 684 906
2 820
1 699 415
1 498 799
1 11 66
2 962
2 762
2 318
2 35
1 433 450
1 58 141
1 73 632
1 713 81
2 648
1 525 158
1 524 589
1 928 277
2 10
1 748 775
1 814 600
1 858 71
2 862
1 764 54
2 452
1 253 338
1 520 236
2 20
2 958
2 468
2 256
1 750 502
1 468 450
1 18 987
2 863
1 900 35
2 222
2 739
1 555 301
2 108
2 815
2 383
2 547
1 859 445
1 170 156
1 911 345
2 135
2 609
1 875 727
1 976 547
2 480
2 445
2 24
2 887
2 578
1 418 943
2 153
2 265
1 318 584
2 588
1 884 953
2 655
1 756 229
1 945 757
1 447 421
1 987 413
2 590
1 389 958
1 540 890
2 391
2 699
2 178
2 3
2 978
2 590
1 247 850
1 178 597
2 781
2 896
1 180 884
1 751 956
2 405
1 521 164
2 641
2 626
1 385 739
2 707
1 467 753
2 751
1 194 693
2 20
2 541
2 186
2 177
2 620
2 903
1 520 174
1 255 535
2 488
1 703 945
2 540
2 625
1 10 358
2 258
1 6 264
1 336 988
2 153
1 446 116
2 582
1 974 776
2 707
2 393
1 856 40
1 22 161
2 265
2 894
1 609 780
1 838 142
2 935
2 635
2 857
1 879 100
1 56 904
1 16 655
1 279 808
2 812
1 965 514
1 437 78
1 253 862
1 184 342
2 95
1 750 866
2 626
2 601
1 931 631
1 317 788
1 725 599
2 342
2 580
1 737 269
2 32
2 604
2 86
1 7 526
1 394 6
1 547 571
2 45
2 118
1 704 896
1 132 825
1 837 552
1 15 946
1 8 712
1 375 543
2 522
2 90
2 34
1 86 784
2 706
2 249
2 785
1 684 986
2 864
2 312
2 247
1 118 229
1 509 651
1 63 716
2 696
2 380
2 850
2 534
1 968 20
2 686
1 764 684
1 327 603
1 22 214
2 281
1 236 847
1 719 136
2 357
2 129
2 864
1 135 972
2 842
2 870
2 649
2 468
1 521 201
2 848
1 226 275
1 828 653
2 23
2 665
2 262
1 981 169
1 234 754
2 955
2 941
2 50
1 235 694
2 982
1 15 880
2 544
1 613 710
1 62 187
1 892 476
1 399 874
1 77 569
2 826
2 623
2 919
1 578 955
2 362
2 380
1 269 813
2 53
2 277
1 991 273
2 60
1 122 734
1 705 856
2 498
1 484 442
2 484
1 529 131
2 123
2 17
2 761
2 610
1 595 544
2 502
1 678 967
1 299 366
1 869 251
1 216 472
2 119
2 418
1 108 913
1 541 560
2 752
1 383 350
2 271
1 457 147
1 737 639
2 363
2 265
2 505
1 733 989
2 852
1 140 996
1 45 368
1 322 460
2 1
1 781 61
2 965
2 539
1 369 407
2 816
1 514 324
2 343
2 541
1 814 659
1 362 239
2 6
1 953 84
2 663
2 106
2 532
2 790
1 615 811
2 878
1 583 541
2 363
1 7 563
2 99
2 595
1 513 63
1 796 386
1 143 281
2 553
1 490 444
2 451
1 584 282
1 152 984
1 638 414
1 950 628
2 666
1 416 610
1 669 257
1 831 131
1 403 990
2 40
1 614 45
2 716
2 419
2 174
2 120
1 203 885
1 421 416
2 898
1 596 88
2 179
1 643 459
2 979
2 793
2 296
2 741
1 656 756
2 158
