2000 589952393
1 2 33169071
1 3 966071899
1 4 457773009
1 5 451049737
4 6 723115929
5 7 25299681
1 8 619118965
5 9 157256209
5 10 184802626
9 11 86275956
5 12 305689681
5 13 104857391
6 14 161550522
1 15 349719751
9 16 916190965
12 17 3024817
2 18 188068518
1 19 253804751
12 20 286699073
6 21 200209096
10 22 362184779
15 23 491184061
1 24 342486502
19 25 742385273
15 26 10703281
25 27 641417405
9 28 262399501
27 29 212032382
11 30 325147687
1 31 165650864
17 32 136629385
17 33 410473246
16 34 110554753
11 35 49362001
15 36 332395127
17 37 53672737
1 38 720267331
32 39 133582681
23 40 54742758
25 41 4181464
12 42 18908803
3 43 181221661
29 44 314755825
5 45 735972977
29 46 379514667
25 47 28852758
1 48 209560001
28 49 683630489
45 50 545844324
1 51 120371221
18 52 17241277
44 53 850832557
13 54 397273228
13 55 42867319
33 56 29014501
22 57 208909561
28 58 106516785
10 59 81607201
54 60 506619350
58 61 322984748
13 62 20908189
31 63 762975291
19 64 50660809
23 65 96514177
37 66 4194058
53 67 230775103
19 68 241362536
37 69 35475668
69 70 88751761
2 71 256099499
58 72 11266701
25 73 608065342
23 74 935057641
9 75 526138185
51 76 425998306
21 77 296283803
43 78 1925785
7 79 27337982
35 80 31479757
60 81 544227178
9 82 630820065
15 83 129456001
35 84 274834686
3 85 30415477
59 86 22285729
37 87 42153751
87 88 364824121
31 89 57529212
24 90 106301581
13 91 554943091
47 92 556153471
51 93 93610721
33 94 909436
27 95 599876661
84 96 671836965
75 97 282836413
31 98 5166091
71 99 379156173
73 100 359654065
95 101 451121919
63 102 16011891
49 103 396038809
30 104 251649589
25 105 819351761
98 106 104487809
89 107 196013017
72 108 129954777
1 109 138414173
24 110 50703913
107 111 55286113
110 112 84689591
77 113 12082528
1 114 81661921
107 115 47315115
41 116 14834961
39 117 71808001
81 118 227606328
92 119 3106723
16 120 25614873
31 121 24603607
93 122 491407385
20 123 104761
31 124 82991482
85 125 27765721
77 126 10315723
1 127 403909045
57 128 7205181
87 129 159137137
44 130 968370718
4 131 54621952
114 132 587925791
47 133 186352795
127 134 342929721
49 135 429499489
1 136 792480043
87 137 216238168
113 138 318707401
121 139 639403117
66 140 57089779
21 141 417837191
46 142 695263339
48 143 506587761
130 144 576778541
4 145 294897461
106 146 272076707
7 147 298739156
22 148 143305641
33 149 496192771
108 150 89227561
12 151 1620511
93 152 345280752
81 153 226359485
124 154 13403776
87 155 74300921
126 156 377021581
20 157 19406251
69 158 101707946
29 159 175492793
112 160 181708641
116 161 50713291
30 162 274639649
82 163 182032238
152 164 349140601
125 165 109479445
9 166 125145281
74 167 5166481
13 168 156682216
25 169 206846745
54 170 193529062
157 171 356204996
127 172 1147231
1 173 984987101
49 174 147705671
163 175 15855873
22 176 258694855
133 177 132983329
34 178 567216357
173 179 283988905
54 180 222651501
37 181 3543780
115 182 371913405
99 183 138199181
67 184 383055082
115 185 69950641
126 186 265737361
32 187 325915337
160 188 111450854
41 189 162415873
165 190 5693780
174 191 480794119
41 192 336719574
113 193 10396921
123 194 430864746
70 195 474065097
151 196 121624089
24 197 625428061
123 198 6394716
163 199 312606281
134 200 149626929
101 201 765074129
173 202 11162020
143 203 72758109
1 204 97206523
8 205 919106791
95 206 394201717
25 207 966586645
196 208 71045885
131 209 149323251
39 210 397558767
170 211 31172247
210 212 18335281
188 213 141792409
37 214 101066131
201 215 623294701
56 216 136071097
95 217 183407751
111 218 512279399
111 219 5985981
133 220 321249591
181 221 4670920
33 222 327641473
61 223 25326597
187 224 660865051
209 225 7090441
190 226 338080198
23 227 470397301
8 228 82957883
217 229 497637109
136 230 10071538
211 231 191140945
181 232 152520176
113 233 449430384
123 234 540465652
229 235 370590959
102 236 309185379
197 237 282002075
217 238 814720521
191 239 471478579
67 240 90710276
209 241 228087031
176 242 103243645
121 243 302564571
127 244 317684501
34 245 394352419
27 246 175001841
151 247 953234749
25 248 194413476
29 249 438028600
201 250 50941045
216 251 3609823
22 252 8080049
225 253 235360386
143 254 363489385
143 255 139125835
117 256 532708651
10 257 560481021
226 258 294923486
169 259 176303710
192 260 423934837
161 261 7176203
69 262 419847941
125 263 586044577
116 264 478301245
49 265 735466469
226 266 115278251
151 267 663110961
40 268 392625649
94 269 640100201
185 270 63387136
127 271 700375336
224 272 51333136
1 273 407130041
235 274 122424969
173 275 301819366
155 276 13864516
89 277 413722714
103 278 167638198
87 279 143967097
260 280 489048229
160 281 220715554
209 282 60297223
229 283 617389426
150 284 133753181
41 285 247754795
283 286 173078284
131 287 104435948
169 288 412741601
208 289 46513545
234 290 618177169
49 291 29771899
213 292 410269861
169 293 299647661
7 294 18721876
211 295 811944649
91 296 127076749
233 297 48167386
263 298 53254609
113 299 208500586
87 300 554749373
61 301 413431509
51 302 310704228
250 303 682644943
22 304 121478848
6 305 216819561
109 306 30294091
137 307 40813851
242 308 497858141
45 309 802477234
121 310 15717382
107 311 213652891
221 312 285696289
77 313 143200278
179 314 236406302
282 315 142693061
161 316 348361489
169 317 209745791
214 318 724084243
3 319 20938141
318 320 568228200
117 321 428843833
318 322 217866729
11 323 119325256
114 324 220294036
1 325 212301469
132 326 414895901
219 327 111965001
320 328 51427706
270 329 621631009
298 330 597431430
287 331 127363056
178 332 517500829
265 333 336946465
127 334 9028181
320 335 24671206
106 336 70352883
133 337 366539385
14 338 10012729
203 339 63033181
226 340 294409311
125 341 726395001
58 342 77774434
115 343 584886683
316 344 179163901
309 345 138981795
306 346 301629736
323 347 159211683
268 348 36467135
49 349 766125067
199 350 7758246
71 351 95867218
283 352 774806345
211 353 248386601
203 354 188851055
213 355 30074626
194 356 51879813
259 357 79866475
36 358 859845337
171 359 532018377
237 360 192743167
265 361 242704793
334 362 263970721
239 363 251246593
208 364 479494181
14 365 313167205
34 366 201690949
193 367 93117151
152 368 485670529
314 369 221824961
238 370 930055687
223 371 90447956
73 372 44182099
261 373 230088489
347 374 17082469
99 375 831123823
312 376 463130155
186 377 936611737
11 378 122100189
284 379 112031332
89 380 629301545
342 381 36429051
280 382 400820560
1 383 3066603
195 384 402466858
33 385 894407473
35 386 122677673
118 387 339931201
224 388 14164142
85 389 447485753
374 390 69583595
124 391 100836865
388 392 673521454
16 393 274873889
355 394 78114801
153 395 126530482
323 396 150416295
112 397 35069731
328 398 235241306
103 399 78759097
229 400 34747786
161 401 153727132
336 402 52123184
173 403 5819145
381 404 60502457
117 405 698537548
21 406 258103603
173 407 755038987
1 408 129381241
345 409 329830452
349 410 245525169
295 411 436951187
231 412 47590141
69 413 133270009
36 414 53110039
43 415 7147369
274 416 30459376
309 417 2068903
304 418 209078353
12 419 12584197
19 420 14693211
106 421 15982081
98 422 238771
113 423 36015617
184 424 442150413
45 425 116649443
100 426 197267473
115 427 417675281
140 428 76437043
412 429 44225611
209 430 102044733
214 431 633598535
90 432 292823401
86 433 12838967
293 434 294004978
379 435 902673992
166 436 817407257
217 437 718530639
213 438 109177953
136 439 336894049
149 440 19112989
231 441 536554131
430 442 143967863
66 443 33313996
340 444 305180089
373 445 308327209
11 446 160176017
61 447 51409309
106 448 555478795
249 449 852913739
128 450 27486901
286 451 13066111
100 452 211964089
106 453 305826795
133 454 249447101
423 455 23443561
119 456 3098651
79 457 222603481
23 458 207588157
223 459 548384005
228 460 735658903
138 461 2897731
76 462 630987241
369 463 181572561
404 464 19683513
339 465 174548933
383 466 60640425
80 467 817102651
195 468 245931083
423 469 168205285
376 470 132532177
381 471 494929761
67 472 12983492
449 473 158246145
385 474 148950769
61 475 595801
78 476 192905623
388 477 408722402
41 478 238471300
394 479 16477069
120 480 105320815
245 481 146924853
55 482 119433393
389 483 153919960
428 484 52975326
434 485 370656519
131 486 148562401
367 487 617484801
341 488 3597889
408 489 93955501
484 490 11332973
141 491 466987181
293 492 114540383
453 493 462429498
385 494 264917849
423 495 790838341
477 496 258425841
363 497 228426979
241 498 143410177
391 499 93848705
123 500 396044670
47 501 628299077
141 502 85874289
17 503 118659577
80 504 539388126
179 505 345835201
91 506 83458866
380 507 581805921
96 508 83378993
321 509 35367760
444 510 60244719
483 511 806011701
115 512 143981020
332 513 235477318
358 514 394708093
233 515 106354945
297 516 38925701
82 517 144908725
268 518 3425300
71 519 392164865
494 520 254105
42 521 150730042
124 522 360529536
333 523 200114701
239 524 365741269
473 525 44102821
361 526 18501453
51 527 2620036
117 528 127952001
337 529 341757235
267 530 169960932
395 531 313974865
409 532 89872040
41 533 474283981
258 534 587742301
385 535 334650901
40 536 137121454
277 537 66083893
342 538 759859861
139 539 70723873
433 540 28351981
139 541 820747541
143 542 478332466
495 543 35974992
473 544 369044610
214 545 99671759
319 546 939689761
201 547 568593441
312 548 90578683
13 549 694918501
64 550 557526886
80 551 1211533
294 552 676280629
70 553 42594529
553 554 3282236
499 555 295280825
276 556 673883905
478 557 208313278
389 558 236830978
499 559 114394577
249 560 177504205
393 561 611896789
523 562 72746362
201 563 7294989
378 564 106541536
465 565 63188224
453 566 547318073
391 567 173786527
340 568 185162356
41 569 316455628
371 570 3485743
316 571 177482691
378 572 780249057
1 573 378418223
139 574 661119196
200 575 243692494
151 576 241772671
385 577 112378
215 578 1792792
345 579 486264481
43 580 512593753
111 581 124847857
164 582 10911753
114 583 344599081
498 584 517736461
424 585 311812321
36 586 324156691
123 587 261542881
495 588 33503401
448 589 481415187
120 590 410701057
331 591 19938271
1 592 202517173
337 593 3652455
589 594 536844841
23 595 209910119
453 596 484587681
353 597 95625049
444 598 342636351
279 599 343592575
296 600 3858013
1 601 474335398
314 602 274737655
163 603 569621617
155 604 13886527
463 605 319266121
276 606 169342633
395 607 155817377
436 608 506388856
163 609 197915509
172 610 60000481
217 611 20770465
326 612 198733297
179 613 115095781
432 614 59487693
577 615 442636021
24 616 417098243
389 617 790617301
170 618 370606685
49 619 40663702
531 620 204928081
252 621 101266783
547 622 3109807
389 623 343013701
96 624 67513861
293 625 177904133
59 626 644375271
51 627 46749593
388 628 44434897
295 629 235475449
442 630 191308597
428 631 823143067
224 632 506555801
575 633 28047202
129 634 345999821
10 635 727852261
214 636 452271609
625 637 415529281
348 638 524425765
377 639 6861001
298 640 116355485
155 641 162295686
641 642 13017091
328 643 561277025
527 644 279233951
633 645 21993239
68 646 192969664
307 647 913285153
124 648 54192689
289 649 79341791
583 650 469365986
1 651 28412476
73 652 209232955
463 653 136239548
469 654 113239108
496 655 515040745
155 656 245285041
545 657 49218134
52 658 42315189
38 659 223661275
487 660 199446841
469 661 736461514
253 662 19718257
644 663 160032727
661 664 166879849
484 665 127347729
435 666 113850313
397 667 5968441
501 668 51108508
289 669 246727128
551 670 198082253
107 671 171234241
595 672 247271077
261 673 317791013
102 674 788411801
201 675 52762069
100 676 266750121
544 677 102852429
281 678 166503613
472 679 63785833
190 680 146900921
140 681 238486876
6 682 83346691
199 683 150128776
86 684 75729511
655 685 46553809
215 686 12542352
627 687 74421952
89 688 746242228
385 689 889210940
677 690 335416775
205 691 64689681
128 692 130402897
562 693 440732706
651 694 123218761
101 695 331356181
143 696 185363773
118 697 89283873
346 698 63522031
422 699 10382401
471 700 271819657
605 701 107754790
231 702 317487887
404 703 924665701
174 704 423546151
286 705 99224506
559 706 184139451
124 707 19588717
127 708 12398401
145 709 547148701
1 710 210989346
129 711 223486729
424 712 64153097
305 713 167807454
132 714 19482273
177 715 32468766
208 716 78441300
361 717 485306464
541 718 64308779
545 719 265125547
288 720 343421396
127 721 196653697
502 722 626064763
396 723 302731498
518 724 114525953
505 725 471991
75 726 62487085
361 727 937916725
501 728 369250381
254 729 12722068
675 730 405555823
199 731 5565551
603 732 66674476
355 733 419521313
348 734 542910286
27 735 244962861
40 736 130428446
148 737 37309889
246 738 294368595
523 739 648044689
55 740 749779486
8 741 820330723
67 742 258612420
575 743 136717561
56 744 16933507
106 745 161192851
733 746 101695042
233 747 46201
192 748 239487514
130 749 244871061
99 750 305516545
310 751 337717485
718 752 232497688
41 753 182669625
629 754 11721832
45 755 608240441
386 756 53278318
681 757 96528241
318 758 183514045
233 759 83860757
487 760 316826113
235 761 53334539
129 762 719340147
540 763 366955645
759 764 46199425
598 765 64854307
701 766 21777736
229 767 204535111
748 768 144505705
97 769 521246977
667 770 185666805
511 771 565681111
660 772 12425395
381 773 87748993
397 774 407978533
111 775 101834591
560 776 35389521
517 777 233131571
771 778 201761281
143 779 159309619
306 780 86828401
541 781 12386900
1 782 723294946
499 783 143714376
55 784 22499291
290 785 291818486
562 786 154111365
649 787 186138838
197 788 541659993
684 789 473822488
609 790 577458741
723 791 1839505
322 792 227928536
521 793 628045
574 794 938594532
89 795 102985399
19 796 156200228
119 797 59535821
116 798 98258903
105 799 171380173
519 800 132377191
281 801 42209671
501 802 780924273
335 803 431581825
606 804 82296144
444 805 179596833
771 806 385968381
475 807 876752533
253 808 369800476
585 809 58645367
319 810 238087823
557 811 39924711
120 812 46517329
808 813 435624323
742 814 572409895
458 815 54284281
806 816 474955413
433 817 185141704
366 818 76225633
71 819 240165817
217 820 52332523
206 821 256025545
406 822 160552029
67 823 124757389
50 824 28701851
127 825 206324801
811 826 587122021
224 827 55692927
386 828 259621041
591 829 60432175
466 830 449379861
179 831 171695254
733 832 351089509
750 833 35333141
539 834 75524301
1 835 138240900
683 836 345232931
537 837 109478495
613 838 12237171
535 839 381271501
633 840 49664759
229 841 5629509
640 842 127831724
375 843 44334817
453 844 359091568
175 845 232567381
437 846 188790057
316 847 704078593
1 848 132791374
406 849 184408381
330 850 281059297
365 851 383086417
387 852 255533835
425 853 90044161
490 854 150431611
399 855 66395785
133 856 27523882
559 857 702981391
407 858 16136617
385 859 730906910
796 860 510445636
101 861 113037709
366 862 93281251
615 863 473581267
637 864 802948745
65 865 309890580
855 866 36666035
743 867 23625253
262 868 21679813
201 869 51303583
791 870 367409001
99 871 88175373
227 872 53932693
343 873 89424868
526 874 567555628
769 875 401628949
337 876 9936706
649 877 489821601
679 878 275418993
665 879 902989554
839 880 15540559
609 881 14816913
115 882 145294561
813 883 309595032
439 884 91833973
487 885 280751505
861 886 85795972
401 887 51120126
597 888 18764
257 889 219837121
429 890 144148481
606 891 190317045
798 892 193822665
201 893 112846945
689 894 440571139
419 895 946956708
341 896 7516711
747 897 123895981
761 898 206062021
466 899 88785937
250 900 28064961
361 901 524185603
804 902 3349981
252 903 640063654
629 904 120566638
233 905 220856651
101 906 173144791
53 907 477877401
730 908 44894201
33 909 444464301
745 910 818556839
33 911 4421761
901 912 69536305
617 913 821688863
556 914 337237729
160 915 120201331
209 916 429472506
51 917 598262479
442 918 105221689
817 919 75067840
346 920 16062005
507 921 173543722
145 922 475506997
775 923 194782105
625 924 449212460
253 925 54521798
365 926 610965466
361 927 657756897
619 928 283961379
409 929 195606436
429 930 22368545
499 931 125950223
913 932 311458681
497 933 424662181
334 934 58913557
205 935 49282321
276 936 726508549
303 937 244929833
639 938 449198641
155 939 53251794
274 940 594609541
843 941 35166997
851 942 108372298
840 943 128077916
900 944 157843729
673 945 513459193
841 946 95049201
417 947 301671803
127 948 474421641
397 949 105289572
119 950 217436376
104 951 135901089
883 952 490246849
931 953 21327094
454 954 379172806
194 955 165209808
626 956 223980373
833 957 168791492
2 958 2801092
617 959 35590657
245 960 123155209
309 961 418306360
934 962 171500141
806 963 51485666
157 964 41493983
233 965 647360761
921 966 367536112
652 967 68162242
328 968 57135794
107 969 363101651
345 970 380540806
131 971 321462401
445 972 436729236
549 973 326497321
279 974 365812309
773 975 450316097
430 976 839397593
747 977 157167269
255 978 7699551
202 979 349061953
70 980 431980921
659 981 816904897
764 982 408854629
321 983 248545649
867 984 107077697
532 985 28960611
126 986 72386361
813 987 256246441
782 988 421634140
149 989 694394429
891 990 64367649
904 991 14157235
547 992 700260625
903 993 153058428
418 994 162508501
693 995 195567541
128 996 429308387
453 997 266396181
69 998 532234738
159 999 676484913
857 1000 92658889
337 1001 494229721
276 1002 191713801
361 1003 256633096
497 1004 653606290
513 1005 167009341
906 1006 6755661
181 1007 26497921
973 1008 111893167
1 1009 39920446
826 1010 10426551
85 1011 4101387
825 1012 631832326
485 1013 47614791
886 1014 17667651
133 1015 445201150
891 1016 62126971
259 1017 24888161
469 1018 666198751
534 1019 476846896
517 1020 183178297
937 1021 365182810
243 1022 818142001
539 1023 368329985
89 1024 1711751
309 1025 170943436
382 1026 182236291
1 1027 359928196
567 1028 416071792
849 1029 221613171
436 1030 617174801
513 1031 778048734
607 1032 609763861
857 1033 78736989
93 1034 12334851
205 1035 166021346
680 1036 144765609
775 1037 168918117
295 1038 442005136
505 1039 111303625
61 1040 210784685
817 1041 265856001
272 1042 228168131
1 1043 36200951
99 1044 91060685
794 1045 297168994
39 1046 31431862
926 1047 120810516
416 1048 704362905
185 1049 174082972
41 1050 289072967
645 1051 10675155
306 1052 189419572
293 1053 30468985
581 1054 662838205
69 1055 338077487
481 1056 284987913
469 1057 2716321
673 1058 279970813
223 1059 171598366
679 1060 807873301
499 1061 11214160
89 1062 252973009
654 1063 185404381
768 1064 106329705
957 1065 765473273
219 1066 93000414
69 1067 302952191
964 1068 15729089
721 1069 798812551
530 1070 80188228
1021 1071 464205001
869 1072 507835343
592 1073 104100413
104 1074 176157323
421 1075 130791241
495 1076 215845601
13 1077 34999226
559 1078 761454907
391 1079 287934589
377 1080 143343789
406 1081 54952047
670 1082 716525797
674 1083 616150693
478 1084 36236737
798 1085 20388369
252 1086 106062139
140 1087 178406470
244 1088 89183582
544 1089 30624603
1036 1090 392375107
301 1091 28695511
902 1092 294279586
429 1093 227957627
481 1094 144697505
368 1095 249473370
838 1096 722785947
449 1097 160159789
763 1098 19238657
721 1099 387068891
197 1100 178509696
333 1101 27297689
797 1102 66575961
867 1103 247957451
955 1104 2969473
1072 1105 286220253
545 1106 295309216
923 1107 494211523
7 1108 225090124
73 1109 383945101
220 1110 189741538
19 1111 64491521
546 1112 38498076
1053 1113 530299905
116 1114 928502625
925 1115 7692037
888 1116 454111988
517 1117 48470944
859 1118 127022230
709 1119 236741449
679 1120 708612301
341 1121 334498991
621 1122 1144596
653 1123 9661451
424 1124 336012777
1089 1125 640644926
186 1126 104001721
503 1127 225486181
645 1128 24720001
595 1129 118021359
1042 1130 61985501
1081 1131 552116821
941 1132 121702474
717 1133 2758141
215 1134 138208197
449 1135 663488634
221 1136 176272780
716 1137 254847361
572 1138 582496894
61 1139 708500235
1107 1140 263810041
73 1141 56583073
146 1142 142396255
440 1143 89568870
671 1144 922985193
833 1145 814394305
454 1146 338165
586 1147 143229087
382 1148 30099741
15 1149 172682997
1133 1150 187280224
79 1151 135420611
1149 1152 184985137
953 1153 182811511
1116 1154 30330551
1030 1155 53485643
491 1156 273010537
828 1157 343932233
723 1158 77981982
535 1159 239196790
894 1160 955468675
34 1161 18764442
405 1162 578144376
463 1163 825981696
292 1164 380860481
925 1165 371632465
23 1166 361940626
864 1167 300113146
73 1168 931081112
968 1169 794778781
435 1170 325781545
116 1171 532812901
596 1172 306951674
405 1173 4780396
801 1174 85434161
800 1175 182782832
1089 1176 89871134
469 1177 568646101
524 1178 263588875
287 1179 55158797
1006 1180 174084295
696 1181 405434907
985 1182 135450855
840 1183 580347351
882 1184 34300669
77 1185 44984881
862 1186 23348548
621 1187 185391984
546 1188 40197691
1177 1189 60443841
97 1190 60398145
216 1191 123350521
225 1192 582544291
753 1193 583087441
457 1194 271627588
301 1195 290885953
803 1196 11502405
591 1197 636903541
64 1198 76173481
1173 1199 617705271
283 1200 816600168
839 1201 261275689
1064 1202 51590305
243 1203 134082334
5 1204 363528723
889 1205 227412013
695 1206 354786771
1103 1207 34218721
688 1208 100567468
673 1209 70809649
840 1210 160391169
1046 1211 643918757
507 1212 2880349
935 1213 490439003
553 1214 191517481
264 1215 196595205
37 1216 775205996
357 1217 55917005
1061 1218 406980847
784 1219 528295561
842 1220 756290881
660 1221 62476771
1141 1222 836512339
193 1223 83243602
17 1224 277196093
1068 1225 257511979
242 1226 155186599
803 1227 454656601
1186 1228 204088564
384 1229 287926897
33 1230 83254353
189 1231 15335167
503 1232 232230703
1176 1233 862511771
24 1234 165781540
896 1235 47152882
998 1236 16022873
352 1237 407638323
888 1238 914122111
329 1239 26066041
323 1240 65866879
57 1241 169694926
1021 1242 295619977
879 1243 435552579
215 1244 3990401
1107 1245 369918251
791 1246 853851227
531 1247 541042804
916 1248 173999715
433 1249 44912359
876 1250 60691676
19 1251 35081418
862 1252 319237689
993 1253 333965312
1215 1254 204719915
1171 1255 310521769
976 1256 230654633
1149 1257 563767891
1045 1258 18415149
1109 1259 27376001
339 1260 17309866
1225 1261 65279271
724 1262 57666865
1200 1263 883777981
970 1264 583681
715 1265 287982055
681 1266 104537902
511 1267 112315351
15 1268 805375663
770 1269 394466107
386 1270 212731089
193 1271 647425014
934 1272 119352031
947 1273 65681442
1253 1274 37388801
1086 1275 66450833
402 1276 131265905
277 1277 145959276
314 1278 105724423
587 1279 28966925
1044 1280 580590970
146 1281 63572341
969 1282 8295873
477 1283 76568545
1021 1284 686122636
1171 1285 59317591
246 1286 205067951
1041 1287 573324014
127 1288 125726709
3 1289 5806693
538 1290 257452930
493 1291 706647297
125 1292 476195201
1218 1293 2777141
117 1294 16641721
684 1295 110313613
599 1296 286382026
93 1297 263403141
285 1298 147135097
497 1299 342662881
862 1300 280687705
573 1301 675513521
564 1302 282538156
727 1303 160121108
521 1304 13310101
404 1305 501481241
1162 1306 379944917
927 1307 607527337
119 1308 390107621
571 1309 388595905
1243 1310 12690466
1009 1311 86632441
991 1312 267846340
1308 1313 627888886
144 1314 893441468
1103 1315 73853797
537 1316 21638989
635 1317 878424626
1298 1318 503106286
405 1319 31126593
609 1320 237181271
1243 1321 530662824
1121 1322 488908273
929 1323 701379264
136 1324 226879381
1077 1325 28278710
74 1326 115413050
1184 1327 7149345
734 1328 79977161
278 1329 425266969
934 1330 67959571
393 1331 336767008
364 1332 545940287
877 1333 591244501
839 1334 711689809
949 1335 422211469
907 1336 149106178
979 1337 8745481
232 1338 101849605
328 1339 238673061
853 1340 78058537
831 1341 390694321
1265 1342 159684876
1113 1343 13962759
858 1344 322330065
961 1345 514809613
324 1346 287226633
871 1347 5388761
994 1348 776867167
627 1349 72019009
623 1350 397352113
667 1351 443088426
238 1352 174195255
262 1353 195684710
1002 1354 893814455
837 1355 553480159
817 1356 461363027
855 1357 269511841
760 1358 262857905
872 1359 646804708
649 1360 223722381
1089 1361 262397282
700 1362 163751991
565 1363 62590855
726 1364 212544
687 1365 162299775
346 1366 281076709
705 1367 289503001
1329 1368 214442209
731 1369 791832620
719 1370 153267021
1093 1371 372907301
1171 1372 411817121
125 1373 146485418
732 1374 296389993
213 1375 67762057
598 1376 347467549
1041 1377 377185258
454 1378 101847445
279 1379 6492187
29 1380 32857651
370 1381 289834035
836 1382 583304833
407 1383 95474801
115 1384 225073576
1141 1385 8639245
957 1386 181327402
883 1387 209126149
95 1388 886732751
1001 1389 68767946
1387 1390 271547811
909 1391 628900138
981 1392 38981089
34 1393 397978444
1346 1394 27316675
511 1395 179658117
676 1396 292221036
183 1397 2812270
564 1398 252465019
1255 1399 136661870
731 1400 14474945
122 1401 298278351
394 1402 24337514
850 1403 432329011
481 1404 14078005
1007 1405 527113711
816 1406 394924429
337 1407 883178401
743 1408 84108376
15 1409 252107451
1117 1410 493234301
30 1411 214067701
148 1412 93847061
1006 1413 717409567
1011 1414 399673660
1366 1415 1836486
992 1416 379029357
124 1417 185963341
453 1418 267583681
791 1419 651271551
1069 1420 172632347
56 1421 59522305
468 1422 553608228
471 1423 278313274
776 1424 20657701
1211 1425 40974913
1369 1426 67249001
978 1427 153510017
805 1428 7582695
79 1429 65221377
1169 1430 144909315
967 1431 276823104
847 1432 189618001
815 1433 90084701
1294 1434 715666256
937 1435 270425146
789 1436 54381141
1173 1437 27433124
931 1438 97338781
311 1439 17188021
697 1440 146391146
311 1441 45342045
624 1442 494530331
197 1443 238182751
1343 1444 8793898
498 1445 240477928
1392 1446 295811326
221 1447 155011201
392 1448 537854129
907 1449 616559725
624 1450 57816151
635 1451 72253786
1276 1452 130777863
1101 1453 56438551
698 1454 9463616
938 1455 606415621
1146 1456 340189501
358 1457 100674345
737 1458 489277372
1387 1459 301754981
382 1460 56341537
247 1461 179666083
336 1462 149352439
338 1463 81485121
1051 1464 22962817
329 1465 438820273
923 1466 32634313
934 1467 16920681
391 1468 348612133
379 1469 155762486
1232 1470 44139415
341 1471 4307293
1405 1472 440205181
1227 1473 170437051
1210 1474 419504810
1244 1475 288586627
779 1476 21432775
562 1477 295158951
336 1478 592903051
1310 1479 30464866
936 1480 415915093
105 1481 618457281
369 1482 27674644
1103 1483 106097556
632 1484 6454561
702 1485 560570869
741 1486 172508959
915 1487 527027705
1249 1488 128612485
1165 1489 105162346
176 1490 236143617
448 1491 587897643
1104 1492 236498593
529 1493 5817400
1451 1494 16845409
219 1495 499592737
1189 1496 75954106
409 1497 231403303
290 1498 25088771
1355 1499 191005915
163 1500 69455233
1060 1501 328726857
1195 1502 71800574
766 1503 161015464
1327 1504 118602188
115 1505 363594633
946 1506 71264989
297 1507 741942397
598 1508 57179959
977 1509 376501366
826 1510 125922520
1019 1511 404515329
1103 1512 38165671
1300 1513 312477664
402 1514 59924708
821 1515 7104805
701 1516 74553013
1427 1517 3302749
985 1518 37054801
157 1519 920268453
962 1520 799770405
881 1521 450476565
1324 1522 628403833
449 1523 313769501
482 1524 332790129
244 1525 749512405
791 1526 183496301
1435 1527 520766094
463 1528 95814253
1325 1529 10739509
1386 1530 458296231
1140 1531 233908300
477 1532 616134241
703 1533 166040001
1302 1534 51391693
967 1535 328065823
1031 1536 20782945
309 1537 238172359
1396 1538 779279046
567 1539 23548936
487 1540 18861811
446 1541 225997201
777 1542 206283313
189 1543 207128702
293 1544 210889030
1466 1545 377731689
1273 1546 72203795
399 1547 119800106
479 1548 52428493
1195 1549 613826504
1464 1550 807601066
1547 1551 185244769
277 1552 832695037
939 1553 275168575
30 1554 110737870
639 1555 54506336
1446 1556 133217887
757 1557 225352975
226 1558 6777877
1152 1559 53553716
1387 1560 53549295
1063 1561 21382802
125 1562 27088241
617 1563 53102545
1003 1564 389772421
705 1565 29358019
267 1566 779991751
177 1567 11054566
1221 1568 95412331
974 1569 50456521
1366 1570 2462779
1451 1571 1219535
573 1572 288446305
1099 1573 26799945
358 1574 151247449
1364 1575 212882017
60 1576 44167497
1430 1577 807802731
1380 1578 185793413
917 1579 646642169
682 1580 89177137
1194 1581 26458888
253 1582 409932163
1399 1583 28295107
621 1584 372895660
833 1585 191448307
774 1586 31234321
1493 1587 100725361
332 1588 26777994
1495 1589 480120001
1445 1590 119360659
1059 1591 270017291
518 1592 248476801
1109 1593 65691670
482 1594 40382550
1060 1595 164628196
774 1596 608749441
25 1597 51077393
137 1598 863649361
1591 1599 146804061
1483 1600 269346481
1369 1601 375288369
1064 1602 375324106
249 1603 239921957
1104 1604 54153513
661 1605 95606391
691 1606 245611261
1244 1607 19306106
372 1608 454511491
1273 1609 800329181
1039 1610 483859321
179 1611 330496593
1512 1612 96851303
556 1613 505137396
1035 1614 247911841
1297 1615 324779560
205 1616 755702284
1097 1617 2418063
1325 1618 45193583
1155 1619 4832485
717 1620 194577151
915 1621 290594125
403 1622 637294781
463 1623 592320979
1621 1624 613602645
748 1625 86087827
1539 1626 105674271
1579 1627 23999689
864 1628 63869345
1453 1629 24632089
955 1630 5982531
859 1631 118229489
890 1632 22528374
897 1633 529304569
232 1634 706700470
1179 1635 214672489
304 1636 40612761
1113 1637 66137177
314 1638 43374919
757 1639 544611057
1089 1640 36397481
1403 1641 317554497
1195 1642 121046849
111 1643 383181151
1458 1644 176060595
340 1645 16776211
556 1646 312055129
93 1647 758796311
290 1648 58601200
1513 1649 509430965
302 1650 446539937
1129 1651 74068666
498 1652 454283616
925 1653 145763593
483 1654 565981368
1631 1655 515193121
861 1656 817128310
1489 1657 216474281
918 1658 215918233
418 1659 253876421
458 1660 196412129
539 1661 256894135
890 1662 342578401
721 1663 80598061
1570 1664 101604345
817 1665 214889025
742 1666 757686502
1524 1667 17579486
1134 1668 22353995
513 1669 55819867
752 1670 338601803
595 1671 40144534
1120 1672 96099751
797 1673 150160033
1356 1674 594419311
253 1675 34452031
1084 1676 299672599
914 1677 247604551
1341 1678 44603331
968 1679 592450959
691 1680 267238335
457 1681 123703216
1353 1682 683916361
122 1683 756758
1016 1684 172393057
1480 1685 841686169
1101 1686 253297207
1166 1687 65671833
349 1688 379935361
1049 1689 479007492
611 1690 419009769
1215 1691 154104289
1579 1692 231551733
669 1693 148473574
505 1694 110937994
896 1695 12796741
445 1696 68328277
1167 1697 595651321
1297 1698 228194866
985 1699 990819667
221 1700 424676946
40 1701 139937098
1040 1702 54364437
1211 1703 98753761
823 1704 583204241
400 1705 312797863
809 1706 470729638
987 1707 212875911
603 1708 19909971
525 1709 21850561
1661 1710 330955666
345 1711 738650171
470 1712 343375141
1207 1713 367291842
1478 1714 499344967
737 1715 64707785
526 1716 259219197
430 1717 4928835
1545 1718 658507780
871 1719 606682077
34 1720 416407351
958 1721 82189339
717 1722 2743861
206 1723 382981639
493 1724 687457425
859 1725 159983224
1247 1726 106659345
852 1727 209018023
319 1728 650618641
1237 1729 2963509
1 1730 89797019
452 1731 201994720
1148 1732 429046876
931 1733 8658633
1023 1734 555683308
1409 1735 102319591
1336 1736 152545405
1121 1737 70434715
1668 1738 935322865
1567 1739 73149337
541 1740 734726629
335 1741 140290491
364 1742 133774421
599 1743 390436817
566 1744 271851246
1001 1745 209433775
1551 1746 178093241
706 1747 618695119
1026 1748 413295161
1401 1749 149290126
1686 1750 24715935
1689 1751 66680461
248 1752 126155681
1109 1753 66856833
131 1754 198075257
353 1755 201552785
743 1756 336568961
41 1757 494103517
500 1758 184138753
349 1759 443347844
704 1760 219955161
168 1761 955136323
839 1762 95697761
1067 1763 935902618
183 1764 9460620
1716 1765 158644707
136 1766 285463962
1036 1767 377139521
911 1768 186090191
154 1769 7583273
1457 1770 96928477
1409 1771 39921238
501 1772 817903369
90 1773 356455261
1389 1774 119243121
956 1775 260048192
851 1776 7350615
823 1777 64566217
1531 1778 225231355
167 1779 517298240
1562 1780 7237477
517 1781 27286830
666 1782 202805821
109 1783 227072071
1547 1784 740611481
1149 1785 19301473
538 1786 13284739
626 1787 458614993
85 1788 336028801
562 1789 248154601
1081 1790 25538081
501 1791 251586666
1132 1792 72649681
669 1793 180416325
1455 1794 443557467
959 1795 799726207
216 1796 4411133
691 1797 103287718
505 1798 216925921
435 1799 135350461
1671 1800 685390801
1483 1801 354787618
987 1802 224378768
1247 1803 347436872
749 1804 279028153
1449 1805 263700647
499 1806 20267584
970 1807 244255871
1458 1808 187079901
599 1809 282898305
663 1810 84364840
1191 1811 428645223
1657 1812 324643981
1404 1813 186224495
657 1814 55693885
731 1815 653292199
1136 1816 69175310
465 1817 100398089
1341 1818 42885409
253 1819 255050865
363 1820 83977765
1281 1821 217289710
186 1822 166912749
311 1823 305718217
1432 1824 59704501
25 1825 417211981
1730 1826 16307011
705 1827 68089421
1441 1828 44595293
637 1829 212097403
228 1830 563183813
579 1831 130003201
1534 1832 229923646
1057 1833 651020329
408 1834 714497356
447 1835 97762524
520 1836 231570240
1804 1837 921871105
189 1838 155505988
512 1839 82031949
442 1840 1122049
995 1841 749054119
1274 1842 759190802
967 1843 12582347
557 1844 634904730
1193 1845 262055545
1741 1846 264363997
29 1847 556956487
1832 1848 9735111
793 1849 186255997
1397 1850 272561227
426 1851 257479801
1291 1852 26474113
301 1853 149469173
1413 1854 46253481
397 1855 3045339
666 1856 739901617
494 1857 349553882
127 1858 11178007
229 1859 317054011
201 1860 125252177
1519 1861 650017000
1778 1862 302399447
1523 1863 350074375
1749 1864 860664801
1825 1865 245983949
1251 1866 161966470
487 1867 7249566
1137 1868 264359885
1589 1869 263328175
232 1870 172808893
893 1871 361868116
1220 1872 918744469
550 1873 378111881
742 1874 13886937
957 1875 561445921
1243 1876 208351441
1331 1877 231092684
113 1878 339285642
365 1879 22967231
1730 1880 152803747
881 1881 5674838
1655 1882 582911540
155 1883 541304679
905 1884 589283621
1480 1885 538304668
26 1886 273349126
955 1887 163929175
1664 1888 286048773
972 1889 98753075
1048 1890 162824161
975 1891 85138432
714 1892 111977341
513 1893 107547086
1852 1894 128773441
1567 1895 728298737
1121 1896 9713959
1809 1897 96412009
1163 1898 376340419
331 1899 138366865
1084 1900 710147801
1607 1901 342651351
1646 1902 312581477
1059 1903 237514897
1358 1904 51421495
1101 1905 30655475
301 1906 453273041
1583 1907 156666413
366 1908 124357801
161 1909 50939495
1434 1910 357843018
1137 1911 877351333
1043 1912 31351111
597 1913 32415202
1746 1914 425173117
590 1915 317859697
712 1916 60574273
881 1917 226128122
1540 1918 281311529
1405 1919 536439489
582 1920 25409385
141 1921 377967742
348 1922 561570687
178 1923 49372469
540 1924 197109225
1845 1925 291964485
1266 1926 424700926
721 1927 410986117
1328 1928 260955001
305 1929 374944099
771 1930 296124361
711 1931 39621321
910 1932 388894703
1033 1933 164161369
1153 1934 338358634
943 1935 21856089
991 1936 427340173
90 1937 218729775
1708 1938 297528972
262 1939 21324997
232 1940 137359516
613 1941 163669089
324 1942 61781206
729 1943 4892301
405 1944 60878572
1765 1945 762602257
156 1946 38664703
389 1947 277414055
919 1948 456975651
1775 1949 30152281
1256 1950 261586423
741 1951 267722401
1219 1952 183408985
175 1953 553897585
967 1954 120308689
1031 1955 883526710
1006 1956 63007571
1897 1957 214429121
520 1958 37950656
1073 1959 221474821
310 1960 26809828
129 1961 281281276
429 1962 245124001
1063 1963 46746145
230 1964 683349293
1854 1965 232773577
1926 1966 41454709
1584 1967 38220118
151 1968 101793511
1941 1969 271554768
1920 1970 112915930
1923 1971 2706663
827 1972 102742145
595 1973 9538461
30 1974 53703421
448 1975 51759113
1228 1976 2927082
1441 1977 5085361
1210 1978 86418949
560 1979 234083851
1928 1980 93121361
1097 1981 237870001
1756 1982 18094081
931 1983 228142489
439 1984 43848910
1979 1985 142270426
393 1986 52423580
1978 1987 641509529
1109 1988 72103056
1373 1989 262184826
1873 1990 110571281
1606 1991 107655895
37 1992 465253471
73 1993 312150934
1861 1994 486903131
55 1995 202269523
433 1996 156548053
1365 1997 219113409
305 1998 427918681
761 1999 348210961
1000 2000 283426453
