958
1 2 0 0
2 3 0 1
3 4 0 1
4 5 1 1
3 6 1 1
4 7 0 0
4 8 1 0
4 9 1 1
4 10 0 1
1 11 1 1
11 12 1 1
3 13 0 1
5 14 1 0
4 15 1 1
14 16 1 0
10 17 1 1
17 18 1 1
7 19 1 1
11 20 0 1
3 21 1 1
9 22 1 1
9 23 0 1
20 24 1 0
15 25 0 1
9 26 0 0
12 27 0 0
17 28 1 0
3 29 0 1
23 30 0 1
19 31 0 0
29 32 0 1
29 33 0 1
4 34 0 1
5 35 0 0
14 36 0 0
26 37 0 1
28 38 1 0
23 39 1 0
36 40 1 0
24 41 1 0
9 42 0 1
4 43 0 1
39 44 0 1
27 45 1 1
27 46 0 0
23 47 1 1
20 48 1 1
34 49 1 1
10 50 1 0
48 51 1 0
4 52 0 1
33 53 0 0
43 54 1 1
7 55 1 1
8 56 1 1
27 57 1 1
23 58 1 1
48 59 0 1
10 60 1 0
39 61 1 0
46 62 1 1
35 63 1 1
30 64 0 1
32 65 1 1
43 66 0 1
56 67 0 1
18 68 1 0
58 69 1 0
6 70 1 0
10 71 1 0
42 72 0 0
46 73 0 1
22 74 1 0
10 75 0 1
10 76 1 1
69 77 1 0
58 78 0 1
13 79 0 0
14 80 0 0
79 81 1 1
67 82 0 0
81 83 0 1
77 84 1 1
2 85 1 1
51 86 0 0
55 87 0 0
67 88 1 1
17 89 1 1
26 90 1 0
36 91 0 1
7 92 1 1
91 93 0 1
4 94 0 1
21 95 1 0
36 96 1 0
76 97 0 0
1 98 1 1
60 99 1 0
40 100 1 0
8 101 0 1
45 102 0 1
67 103 1 0
102 104 0 1
24 105 1 1
47 106 0 0
89 107 0 0
107 108 1 1
1 109 0 1
20 110 0 0
50 111 1 1
25 112 1 0
106 113 0 0
76 114 0 0
35 115 0 0
22 116 0 1
15 117 0 0
30 118 1 0
55 119 1 0
100 120 1 1
22 121 0 0
19 122 1 0
84 123 0 0
42 124 0 0
114 125 1 1
109 126 1 0
82 127 1 0
24 128 1 1
68 129 0 0
117 130 0 1
79 131 0 0
23 132 1 1
94 133 0 0
34 134 0 0
87 135 1 0
62 136 0 1
14 137 0 0
18 138 1 0
82 139 1 0
123 140 0 1
4 141 0 0
107 142 0 0
52 143 1 0
107 144 0 0
97 145 0 0
74 146 1 0
46 147 0 0
126 148 0 1
128 149 0 0
109 150 1 0
26 151 0 0
61 152 0 1
35 153 1 0
53 154 0 1
48 155 0 1
103 156 0 1
116 157 0 1
131 158 0 1
5 159 0 1
131 160 0 1
58 161 0 0
18 162 0 1
155 163 1 1
163 164 1 0
134 165 0 1
96 166 1 1
149 167 1 1
122 168 0 0
135 169 0 0
81 170 0 0
102 171 0 1
77 172 0 0
68 173 0 0
6 174 1 1
103 175 1 1
58 176 1 0
170 177 1 1
147 178 1 1
147 179 1 1
18 180 1 0
107 181 1 1
23 182 1 0
33 183 0 1
129 184 0 0
106 185 0 1
103 186 0 0
108 187 0 1
41 188 0 0
85 189 0 1
140 190 0 0
180 191 0 0
56 192 1 0
35 193 1 1
28 194 0 1
161 195 0 0
189 196 1 1
148 197 1 0
112 198 1 0
92 199 0 1
87 200 1 0
102 201 1 0
87 202 0 0
133 203 0 1
157 204 1 0
155 205 0 0
116 206 1 2
58 207 0 0
5 208 1 1
173 209 0 1
135 210 0 0
28 211 0 1
77 212 1 0
53 213 1 0
140 214 0 0
118 215 1 0
91 216 1 1
75 217 1 0
167 218 0 0
9 219 1 1
161 220 1 0
107 221 0 0
65 222 0 1
170 223 0 0
24 224 1 0
180 225 0 0
46 226 0 0
43 227 1 1
115 228 1 1
161 229 1 0
18 230 1 0
45 231 0 1
142 232 0 0
116 233 1 0
225 234 0 0
232 235 0 0
18 236 1 0
28 237 1 0
159 238 0 1
227 239 0 0
61 240 0 1
15 241 0 1
90 242 1 1
230 243 1 0
19 244 0 1
215 245 1 0
186 246 1 0
101 247 1 0
243 248 0 0
110 249 1 0
54 250 1 1
39 251 0 0
106 252 1 1
33 253 1 1
208 254 0 0
229 255 1 1
243 256 1 1
3 257 1 1
46 258 0 0
228 259 0 0
225 260 0 1
165 261 1 0
107 262 0 0
259 263 1 0
27 264 0 2
95 265 1 0
172 266 1 0
126 267 0 1
200 268 0 1
196 269 1 1
32 270 0 1
21 271 0 0
39 272 0 0
70 273 1 0
39 274 0 0
97 275 0 1
201 276 1 0
40 277 1 1
7 278 1 1
83 279 1 1
202 280 0 1
64 281 0 1
37 282 1 1
63 283 1 0
122 284 1 0
170 285 0 0
54 286 0 1
47 287 0 1
286 288 1 1
73 289 0 1
283 290 0 0
168 291 1 0
144 292 1 1
91 293 1 0
263 294 0 0
181 295 0 0
68 296 0 0
6 297 1 1
150 298 0 1
235 299 0 1
3 300 1 0
207 301 0 0
267 302 1 0
63 303 1 1
166 304 0 0
37 305 1 0
136 306 1 0
190 307 1 2
211 308 0 1
168 309 0 0
31 310 0 0
253 311 0 1
31 312 1 1
161 313 0 1
138 314 1 1
61 315 0 1
225 316 0 1
273 317 0 1
134 318 1 0
202 319 1 0
83 320 0 0
174 321 1 0
41 322 0 1
32 323 0 0
264 324 0 0
185 325 1 1
21 326 0 0
134 327 0 1
35 328 0 0
271 329 0 1
243 330 1 0
47 331 1 1
106 332 0 1
25 333 0 0
149 334 0 0
217 335 0 1
41 336 1 1
155 337 1 0
218 338 1 0
29 339 1 0
4 340 0 0
211 341 0 0
227 342 1 1
118 343 1 1
263 344 0 0
213 345 0 1
57 346 1 0
61 347 0 1
22 348 0 0
121 349 0 1
219 350 1 0
349 351 1 0
124 352 0 1
247 353 1 1
70 354 1 0
41 355 0 0
106 356 0 0
83 357 1 2
354 358 1 1
274 359 1 1
55 360 1 1
66 361 0 1
185 362 0 0
8 363 1 0
146 364 0 0
18 365 1 0
102 366 0 0
347 367 1 1
281 368 0 0
265 369 1 0
224 370 0 1
271 371 0 1
217 372 1 1
131 373 1 1
71 374 1 0
20 375 1 1
89 376 1 0
23 377 1 1
187 378 1 0
207 379 0 0
131 380 1 0
235 381 0 0
41 382 1 0
41 383 1 1
251 384 0 1
89 385 0 1
272 386 0 1
331 387 0 0
386 388 1 1
298 389 1 0
124 390 1 1
240 391 0 1
380 392 1 0
32 393 0 1
385 394 1 1
195 395 1 0
353 396 1 1
202 397 1 1
315 398 0 1
228 399 1 1
342 400 1 0
277 401 0 0
175 402 0 0
120 403 0 1
20 404 1 1
35 405 1 1
2 406 0 0
173 407 0 1
298 408 0 0
182 409 1 0
101 410 0 1
326 411 0 0
211 412 0 1
313 413 1 0
308 414 1 1
9 415 0 0
296 416 1 1
322 417 1 1
37 418 0 0
202 419 0 0
252 420 0 1
402 421 0 1
225 422 0 1
137 423 1 1
25 424 0 0
107 425 0 1
403 426 0 1
304 427 1 1
33 428 1 0
175 429 0 0
51 430 0 1
285 431 0 0
276 432 0 1
334 433 0 1
415 434 1 1
179 435 1 0
341 436 0 0
157 437 1 1
2 438 0 0
215 439 0 0
8 440 0 0
67 441 0 1
226 442 0 0
20 443 0 1
37 444 0 1
316 445 0 0
113 446 0 1
360 447 1 0
271 448 1 1
394 449 1 0
240 450 0 1
305 451 0 0
114 452 1 1
281 453 0 0
278 454 1 0
145 455 1 0
267 456 0 1
448 457 0 1
212 458 0 1
48 459 0 0
387 460 0 0
35 461 0 0
206 462 0 0
409 463 1 1
25 464 1 0
214 465 1 0
404 466 0 1
466 467 1 0
402 468 0 1
450 469 0 1
226 470 1 1
463 471 1 1
64 472 1 1
168 473 0 1
178 474 1 0
436 475 1 0
329 476 0 1
411 477 0 0
202 478 0 1
180 479 1 0
187 480 1 0
238 481 0 0
165 482 1 1
152 483 0 1
473 484 1 0
69 485 1 1
463 486 1 1
333 487 1 0
480 488 1 0
152 489 1 1
106 490 1 0
201 491 1 0
402 492 1 1
360 493 0 0
267 494 0 1
459 495 0 1
119 496 1 0
284 497 1 1
135 498 1 0
494 499 0 0
327 500 1 0
2 501 1 1
249 502 1 1
448 503 0 1
323 504 1 0
20 505 0 0
34 506 1 0
29 507 1 0
156 508 0 0
351 509 0 1
300 510 0 0
401 511 1 0
5 512 0 1
364 513 0 1
255 514 1 1
86 515 1 1
298 516 1 0
342 517 0 1
417 518 1 1
272 519 0 1
342 520 1 0
207 521 0 1
322 522 1 1
57 523 1 1
143 524 0 0
321 525 0 1
91 526 1 1
130 527 0 0
212 528 1 0
523 529 1 1
479 530 0 0
233 531 0 0
107 532 0 0
255 533 1 0
518 534 1 0
330 535 1 0
93 536 1 0
102 537 0 0
60 538 0 0
288 539 0 0
249 540 0 1
32 541 0 1
401 542 1 0
12 543 1 0
528 544 0 0
422 545 1 1
452 546 0 1
444 547 1 1
243 548 1 0
162 549 1 1
62 550 1 0
547 551 1 0
138 552 0 0
319 553 1 1
495 554 0 0
118 555 0 0
31 556 1 0
322 557 1 1
379 558 0 1
279 559 0 0
68 560 0 0
330 561 0 1
282 562 0 1
561 563 0 0
414 564 1 1
353 565 1 2
371 566 1 0
156 567 1 1
259 568 0 1
180 569 1 1
412 570 1 1
28 571 0 0
33 572 0 0
312 573 0 1
115 574 1 0
487 575 0 0
382 576 1 1
354 577 0 1
186 578 0 1
33 579 1 1
56 580 1 0
511 581 1 1
431 582 0 0
78 583 1 1
291 584 0 1
379 585 0 0
380 586 0 1
390 587 1 1
515 588 1 1
576 589 0 0
50 590 1 0
338 591 0 1
397 592 1 0
401 593 0 1
500 594 0 1
467 595 0 1
532 596 1 0
556 597 0 1
571 598 1 1
150 599 1 1
212 600 1 0
310 601 0 0
495 602 0 1
119 603 1 0
39 604 1 0
525 605 1 2
400 606 0 1
598 607 0 1
231 608 1 0
90 609 0 0
318 610 1 0
401 611 1 1
165 612 1 0
506 613 1 0
274 614 0 0
122 615 0 1
351 616 1 0
433 617 0 1
458 618 1 0
5 619 1 1
439 620 1 0
539 621 1 0
515 622 1 0
229 623 0 0
104 624 1 1
280 625 1 1
304 626 0 1
409 627 0 1
139 628 1 1
83 629 0 0
293 630 0 0
605 631 1 1
47 632 0 1
359 633 0 1
144 634 0 0
526 635 1 2
228 636 1 0
133 637 0 1
424 638 0 0
561 639 1 1
121 640 0 1
199 641 1 0
437 642 0 0
74 643 0 1
448 644 1 1
141 645 0 0
423 646 0 0
375 647 0 1
304 648 1 1
628 649 1 1
592 650 1 1
516 651 0 1
199 652 0 1
171 653 0 2
333 654 0 1
276 655 1 1
51 656 0 1
166 657 0 1
158 658 0 0
546 659 1 0
482 660 0 1
489 661 0 1
610 662 0 1
476 663 1 0
471 664 0 0
328 665 1 1
193 666 0 1
358 667 1 1
56 668 1 0
264 669 0 1
127 670 0 0
396 671 0 0
166 672 0 0
323 673 0 0
73 674 0 1
398 675 1 1
161 676 1 0
2 677 0 0
134 678 1 0
311 679 0 1
673 680 1 1
97 681 1 1
177 682 0 1
192 683 0 0
531 684 1 1
586 685 0 0
483 686 1 1
259 687 1 0
255 688 0 1
654 689 1 0
311 690 1 0
545 691 1 1
540 692 1 1
444 693 1 1
339 694 0 1
681 695 1 1
462 696 0 1
203 697 0 1
396 698 1 0
67 699 0 1
601 700 1 0
640 701 1 0
142 702 0 1
597 703 1 0
1 704 0 0
283 705 0 1
12 706 0 1
2 707 1 0
174 708 0 1
384 709 1 0
563 710 1 0
92 711 1 0
668 712 0 1
624 713 1 1
505 714 1 0
691 715 0 0
542 716 1 1
33 717 1 0
318 718 1 0
92 719 1 1
343 720 0 0
592 721 0 0
427 722 0 0
165 723 0 1
396 724 0 0
539 725 0 1
344 726 1 0
210 727 0 1
474 728 1 0
602 729 0 1
488 730 0 0
598 731 0 1
220 732 0 1
380 733 0 0
344 734 1 1
57 735 0 0
271 736 0 1
516 737 1 1
189 738 1 0
129 739 0 0
724 740 0 1
600 741 0 0
61 742 0 0
565 743 1 0
453 744 1 1
284 745 1 0
642 746 1 1
633 747 0 1
298 748 0 0
244 749 0 1
316 750 1 0
689 751 1 0
624 752 1 0
15 753 0 0
75 754 1 1
678 755 1 0
138 756 0 1
115 757 0 0
207 758 1 1
114 759 1 0
315 760 1 1
551 761 0 1
498 762 1 1
100 763 1 0
646 764 0 1
96 765 0 0
579 766 1 0
630 767 1 0
489 768 1 1
624 769 0 1
121 770 1 0
392 771 0 0
483 772 0 1
704 773 1 0
505 774 1 1
151 775 1 1
730 776 1 1
320 777 0 0
569 778 1 0
711 779 1 1
252 780 0 1
741 781 0 0
143 782 0 0
458 783 1 1
319 784 0 0
27 785 1 1
471 786 0 1
472 787 1 1
529 788 0 1
410 789 0 0
87 790 0 1
552 791 1 0
325 792 0 0
605 793 0 0
456 794 0 1
22 795 0 1
777 796 0 1
445 797 1 1
520 798 1 0
346 799 0 0
32 800 1 0
102 801 1 0
605 802 0 1
522 803 1 0
594 804 0 1
530 805 1 0
390 806 0 1
16 807 1 0
565 808 1 0
124 809 1 1
292 810 1 1
429 811 1 1
82 812 1 1
10 813 1 1
453 814 1 1
525 815 0 1
623 816 1 1
709 817 1 0
294 818 1 0
290 819 1 0
424 820 1 1
787 821 1 0
324 822 0 1
225 823 1 1
774 824 1 0
725 825 0 0
711 826 0 0
218 827 0 1
454 828 1 1
644 829 1 0
430 830 0 0
686 831 0 0
669 832 0 1
418 833 0 1
153 834 1 0
433 835 1 0
729 836 1 1
146 837 1 1
360 838 0 0
45 839 0 1
730 840 0 0
551 841 1 1
273 842 1 0
219 843 1 1
494 844 1 2
78 845 0 1
84 846 1 0
305 847 0 0
729 848 0 0
317 849 0 0
179 850 1 0
497 851 1 1
770 852 0 0
504 853 1 1
156 854 1 0
768 855 1 1
668 856 1 1
390 857 1 0
499 858 1 0
667 859 0 1
298 860 0 1
506 861 1 0
461 862 0 1
621 863 1 0
88 864 1 1
281 865 1 1
448 866 0 0
375 867 0 0
242 868 0 0
293 869 0 0
604 870 0 1
301 871 0 0
582 872 0 1
407 873 0 0
792 874 1 1
200 875 1 0
403 876 0 1
258 877 1 1
462 878 1 0
760 879 0 1
512 880 1 1
521 881 0 1
422 882 0 0
299 883 1 0
830 884 1 0
555 885 1 0
758 886 1 1
320 887 0 0
84 888 0 1
448 889 0 1
491 890 0 1
538 891 0 0
368 892 0 0
363 893 0 0
761 894 1 0
597 895 1 1
740 896 1 1
209 897 1 0
522 898 0 0
885 899 1 1
849 900 0 0
669 901 0 1
624 902 1 1
374 903 0 2
843 904 0 1
742 905 0 0
311 906 1 0
754 907 1 1
724 908 1 1
37 909 0 0
815 910 1 0
315 911 1 0
450 912 0 1
603 913 1 1
885 914 0 0
583 915 1 0
705 916 0 1
26 917 1 1
337 918 1 0
669 919 0 0
601 920 0 1
315 921 1 1
448 922 1 0
827 923 0 1
279 924 1 1
192 925 0 0
644 926 1 0
816 927 0 0
636 928 0 0
665 929 1 0
916 930 1 1
928 931 0 0
40 932 0 0
414 933 0 0
620 934 0 0
735 935 0 1
254 936 0 0
364 937 1 0
481 938 1 0
811 939 0 1
406 940 1 0
707 941 1 1
554 942 1 1
686 943 1 0
531 944 0 0
460 945 1 0
328 946 0 0
143 947 1 1
155 948 1 1
175 949 1 0
440 950 1 0
58 951 1 0
427 952 0 1
873 953 0 0
69 954 1 1
816 955 1 0
738 956 1 1
538 957 0 0
248 958 1 0

输出数据
251 486
