100 100 1700
57 66
76 16
42 84
38 23
13 14
73 63
35 79
90 39
89 61
81 59
7 6
92 64
56 15
66 72
82 19
79 62
45 96
44 59
78 27
29 63
22 38
57 76
31 74
78 87
99 41
12 74
5 36
75 70
48 46
25 61
96 84
80 33
91 38
63 4
26 86
8 4
49 54
16 11
34 66
71 32
43 15
71 95
81 73
82 69
62 26
83 57
38 21
98 63
18 37
65 47
89 83
84 94
71 6
46 100
36 49
49 67
80 42
52 100
78 60
21 78
89 72
36 27
39 96
91 41
88 26
88 10
80 3
98 57
92 34
96 34
13 91
4 15
16 65
9 41
71 61
17 55
52 55
31 12
15 11
29 76
62 78
52 4
73 38
15 43
80 78
32 80
16 80
9 91
82 5
2 23
62 20
56 75
99 39
12 94
1 79
47 31
10 91
80 3
79 96
88 29
