500 500 19400
3 34
7 27
3 88
10 78
1 81
7 26
6 83
5 54
2 7
10 3
1 26
9 69
9 62
9 72
4 27
8 33
1 36
5 62
7 95
3 36
10 14
5 71
7 48
10 6
9 56
3 89
1 20
5 51
7 6
9 5
7 16
1 88
6 92
5 99
7 84
5 27
7 46
1 27
9 10
4 59
6 100
8 92
7 69
2 66
9 94
8 89
1 63
4 70
1 30
1 76
9 4
3 59
1 45
9 41
1 96
8 11
1 68
3 75
3 24
8 50
2 82
8 57
3 49
6 68
9 78
5 82
7 22
5 63
3 74
5 54
5 20
10 83
9 37
5 97
6 40
3 43
1 28
4 70
10 14
1 99
4 20
2 90
3 78
10 9
7 75
3 67
5 14
9 11
5 11
3 31
5 68
7 82
9 16
9 14
10 17
8 30
9 70
1 34
2 71
1 60
7 22
7 78
3 1
3 75
7 12
6 83
9 95
4 51
4 89
9 63
3 100
6 1
6 71
8 80
3 16
5 56
6 66
7 5
5 61
5 34
1 97
2 69
5 1
9 14
8 19
7 2
2 61
9 58
7 65
2 49
10 23
10 5
8 82
6 89
1 4
2 13
3 46
9 98
7 79
2 19
4 23
1 80
2 78
2 38
9 8
5 77
10 95
2 95
6 21
3 17
8 63
5 39
9 93
9 62
8 38
3 7
7 81
1 78
2 11
1 24
5 46
10 84
3 43
5 80
6 5
8 40
2 81
6 58
1 27
5 75
4 31
10 74
5 59
2 55
10 62
1 42
5 80
10 56
2 62
7 91
2 87
4 10
5 13
2 100
2 82
4 10
5 14
5 38
10 44
3 94
8 17
1 20
9 11
1 55
8 17
6 34
3 27
5 83
7 3
5 6
5 72
3 33
2 77
1 79
10 90
1 31
10 74
3 43
1 75
10 90
10 7
7 62
4 57
7 55
7 88
5 48
6 2
2 67
8 99
5 68
3 15
7 68
1 16
1 42
6 28
5 14
7 98
9 13
1 16
4 58
7 14
3 49
3 18
4 25
1 43
5 96
7 2
8 64
8 43
6 92
9 73
3 13
3 52
2 29
1 69
9 80
8 72
7 51
3 49
2 91
8 90
7 37
2 73
1 6
1 78
6 47
5 56
6 12
8 86
10 12
10 66
2 36
6 5
10 95
9 39
8 31
9 3
9 24
3 38
6 97
9 76
8 84
8 63
8 13
6 6
8 59
6 88
1 49
2 15
5 98
7 81
6 81
5 30
5 15
7 94
10 66
8 91
1 53
8 17
5 2
7 66
6 15
6 77
4 28
5 19
7 23
8 88
2 60
6 16
8 51
10 70
9 69
1 49
7 34
7 10
7 83
10 27
3 84
1 39
9 74
4 15
3 49
1 7
6 82
5 74
3 53
6 100
9 70
10 9
6 38
1 77
6 37
7 66
9 66
9 48
3 30
9 91
6 50
7 52
8 52
7 35
9 59
7 22
10 93
2 53
8 1
7 1
8 67
2 25
8 10
4 65
7 52
2 40
9 7
6 13
9 13
10 61
4 21
5 66
2 100
5 71
1 58
4 35
4 13
9 50
4 59
7 89
4 40
3 47
9 85
5 43
1 8
2 12
2 69
10 81
9 7
9 19
7 34
2 96
4 99
3 31
10 19
7 39
10 51
4 5
1 76
4 39
2 52
2 88
10 13
10 66
1 7
3 25
9 61
1 65
6 38
5 55
7 87
6 44
3 15
9 8
6 73
4 100
2 2
6 16
3 84
5 45
1 43
5 48
8 7
3 91
1 91
5 43
2 74
1 21
5 33
5 60
5 29
1 98
7 8
3 41
4 65
5 90
10 72
10 74
10 29
4 82
10 4
7 50
6 57
5 61
8 37
7 4
10 89
8 29
4 44
4 29
10 99
10 8
10 83
6 32
9 36
3 29
6 90
3 57
5 45
7 58
6 63
10 96
5 2
9 36
10 2
9 29
2 9
4 40
5 16
3 7
10 62
8 87
7 69
1 95
9 93
1 77
2 71
1 92
7 28
2 50
8 76
6 50
6 76
7 43
4 10
4 55
10 64
5 3
8 71
4 53
8 70
2 2
2 15
6 39
7 68
3 33
10 85
4 43
6 91
10 8
1 51
6 75
10 88
8 96
8 64
2 44
6 86
4 82
1 99
3 74
6 18
9 52
8 49
9 75
7 95
5 54
10 61
10 44
7 17
9 41
3 22
7 78
1 66
