10 44
4 6 9222949549511802879
8 9 9004242156872777727
5 3 4588532498274713599
4 10 8065946382852153343
4 5 6773413839565094655
6 10 9214329648920330239
2 7 5742040046874132351
5 4 5620456871245643775
1 2 9182839640074207231
2 7 8646739760736370687
6 5 9142307234905022463
8 9 4602678664545435647
3 4 8568089460552499199
6 5 8070440627784908735
5 6 2227802663171391486
2 1 8069304840460533759
7 2 4611087608133451775
5 4 8637728163436167167
4 10 2287828610569469919
10 4 4179304165953503231
6 2 6895011012286087167
2 1 4611123012639387647
9 7 6917436110315452383
6 3 7493980966671613951
3 5 8412653735183908863
2 1 6917524629594570751
6 5 5476355139402972159
8 9 8934507224173113343
1 2 9200835895698128831
4 6 4575622002407636991
5 6 6773406073190580223
8 3 9186199605941895167
10 4 9222174660100030463
9 3 6917521313611382527
9 8 4608870993478287359
9 8 9077530615523303423
4 5 9078542977965490047
5 4 4610348736302669823
10 4 9217742498665857023
7 9 5044026633745301503
6 10 9222736518999687167
2 7 9216605263803379455
7 8 7451205540534812671
9 8 4458563075770941439
