20 500
183 13 78 172 189 66 7 35 176 104 5 130 63 86 15 187 37 124 151 132
1 2 94
2 3 11
3 4 193
4 5 38
1 6 23
4 7 152
7 8 146
2 9 110
4 10 31
3 11 185
10 12 199
2 13 114
10 14 9
14 15 169
6 16 5
8 17 34
12 18 200
14 19 103
15 20 69
10 275
2 496
8 275
6 257
18 292
10 91
12 188
17 476
12 468
18 309
1 202
12 241
20 276
10 407
16 343
6 462
20 47
15 103
8 106
10 217
12 169
8 219
5 395
9 441
14 321
18 203
5 213
18 6
7 133
8 140
18 238
19 396
2 61
3 27
19 307
1 447
5 298
4 34
5 181
9 118
18 483
20 262
19 339
18 269
19 500
13 102
9 449
3 208
6 75
3 43
5 440
19 464
6 360
13 309
18 369
19 221
10 188
20 411
2 372
13 345
14 429
20 224
15 482
5 198
18 9
10 74
2 392
4 289
17 491
19 24
7 471
3 121
20 437
17 358
6 317
9 286
12 228
16 285
9 183
4 375
14 251
6 463
2 123
17 477
8 264
15 437
15 366
7 260
12 337
13 297
6 355
2 458
15 29
7 344
5 145
9 439
14 320
5 272
12 500
9 445
9 426
6 142
17 1
8 254
9 260
11 111
8 441
8 331
5 3
10 297
19 451
3 312
15 486
3 366
20 55
6 321
9 147
8 112
12 364
3 98
16 149
10 329
16 298
4 227
17 86
1 70
8 94
4 84
12 247
9 417
4 88
3 296
15 366
15 340
3 277
13 397
7 460
8 56
12 435
8 478
2 419
5 345
2 367
16 96
20 32
8 82
1 297
10 71
3 246
16 238
15 441
1 235
14 446
19 433
3 404
13 91
16 484
5 130
2 131
12 60
18 470
18 336
7 114
9 5
12 184
6 134
1 242
17 364
7 290
17 197
18 272
11 52
13 203
10 463
10 154
18 83
2 437
3 10
16 238
15 291
12 320
11 252
15 149
1 1
5 168
18 154
8 410
20 156
4 318
4 196
18 426
13 421
13 82
6 43
6 458
13 3
6 223
13 179
19 376
14 60
18 486
18 393
18 16
12 176
1 41
18 479
4 79
10 176
9 310
3 308
18 429
3 26
9 413
1 425
5 271
18 264
19 392
16 164
7 39
14 269
3 258
19 152
9 158
8 455
10 296
16 335
6 266
15 353
13 452
19 208
10 168
7 351
12 288
18 434
11 48
3 58
7 474
11 261
6 498
12 472
17 438
18 41
16 34
10 332
11 107
15 113
10 413
5 357
14 184
5 114
5 130
12 476
4 382
8 214
2 67
9 127
11 216
4 254
13 392
13 403
16 66
8 229
5 110
2 462
14 84
10 352
19 90
15 408
17 52
13 449
4 22
1 173
19 446
9 320
4 127
7 439
3 481
3 84
5 184
7 246
20 491
9 133
8 244
7 246
3 122
14 44
2 199
9 307
11 82
15 222
7 353
5 76
11 71
13 260
13 469
5 149
12 398
8 494
17 149
13 221
10 125
8 172
10 96
12 203
4 389
15 402
14 325
7 408
7 422
11 251
18 14
6 103
12 48
4 497
14 400
3 274
5 152
17 325
20 92
15 390
9 29
8 29
14 478
10 375
8 8
6 45
1 341
4 330
17 263
13 418
9 79
12 291
5 312
17 304
17 330
20 496
20 327
12 254
5 346
11 259
8 445
1 435
3 269
13 10
6 162
13 80
5 262
1 437
12 263
4 4
13 31
11 32
16 366
11 469
6 446
11 240
8 484
6 401
3 158
18 159
15 103
4 470
7 38
16 129
14 463
19 166
7 77
12 230
2 150
7 350
11 191
12 377
9 44
6 396
17 399
5 49
13 144
5 259
15 434
17 245
8 482
14 215
13 479
6 386
17 10
6 449
3 441
15 59
20 79
17 43
13 184
12 324
17 94
9 19
17 115
19 100
2 481
9 375
19 89
19 475
17 381
5 123
15 322
8 211
11 338
6 328
15 26
15 148
6 391
8 90
6 154
8 118
17 150
20 22
4 412
9 206
10 363
16 124
18 166
15 51
20 495
6 344
15 162
6 15
12 200
10 163
12 323
5 12
14 427
12 208
14 4
5 194
9 353
1 216
9 284
9 473
15 314
13 35
13 499
11 300
14 208
9 31
1 177
2 346
19 82
12 94
2 487
15 402
6 218
11 286
1 54
12 493
4 256
2 242
4 89
2 415
20 191
6 208
5 199
14 11
16 148
3 173
3 476
13 231
17 58
17 327
17 447
13 433
9 20
18 461
13 478
20 468
9 168
11 44
6 62
10 146
2 314
6 498
7 461
19 105
3 388
5 328
4 257
1 462
1 496
14 498
14 2
20 497
16 6
11 131
1 482
1 251
11 328
17 160
15 94
3 388
7 136
10 47
5 73
3 9
