50
169521 772167 445499 291038
113073 400455 183194 3523
823344 460554 863528 205366
342031 511079 372859 262799
382493 985601 807117 58243
236291 313876 879235 218996
189231 571594 883910 527181
15577 991071 593278 686117
110540 780438 669408 703588
802053 677701 806570 76900
417752 914710 534957 443216
301537 897682 744028 232315
35217 448760 144718 410787
255787 427302 629986 220746
76143 278809 455667 53811
221712 351212 685130 43670
476829 871770 532750 618345
127660 868450 550462 652187
46144 767693 143243 757982
719285 414706 886441 384279
684395 838517 881479 486256
94963 670960 343485 227932
171983 889756 376647 437351
322938 368655 561711 101150
1563 804650 125759 262530
156468 833263 222063 106502
725892 613625 767569 112298
443493 800091 585825 15495
140518 262369 953459 92995
713323 962866 734839 136711
36420 785160 76003 713511
413386 598243 563496 85170
67298 324151 647759 97050
47947 971075 654326 250763
560801 463016 622615 333395
333751 504145 733753 267750
449176 971666 925607 123514
211503 337403 636916 27124
366135 490586 734950 126709
506305 500573 932900 465628
107248 968791 391996 129345
204871 310015 386299 109230
702102 481257 787644 308474
562556 894947 768607 750642
80725 506384 269720 393499
273259 887214 740179 180697
82536 879935 418822 121045
121506 355351 416283 245512
93492 464474 549547 434397
317019 974847 398892 161144
