5
41 55 8174
14 9 731
11 14 465
20 7 48
9 6 324
33 13 2
2 8 8
33 31 2166
8 2 1864
31 2 836
22 0 3
15 2 1342
7 38 1651
3 19 67
35 1 1569
26 30 1431
28 4 10
1 40 1767
31 6 4
6 10 47
39 30 2209
3 32 9
12 4 2203
12 17 15
0 3 274
1 24 222
22 5 783
3 29 78
20 39 10
14 3 2636
7 7 10
1 15 1834
36 0 80
27 3 2120
25 35 1378
18 7 702
21 2 8
31 6 2254
15 26 304
31 15 1192
22 24 274
28 31 280
17 10 2
34 40 596
11 8 313
0 23 2254
11 36 72
25 3 681
2 30 1265
33 37 719
30 6 720
13 5 465
1 40 1844
40 40 1147
19 34 2632
2 4 786
44 46 8232
26 20 9
11 11 3
35 8 644
13 0 2002
37 12 2401
9 37 2267
5 28 80
1 34 37
43 22 21
12 31 5
6 31 846
1 1 2877
17 39 720
1 33 6
4 35 809
25 23 2837
43 30 1916
7 6 1657
14 22 2349
41 27 1798
7 43 1263
43 41 1430
38 22 1377
0 4 652
7 32 1317
4 40 60
12 28 1836
37 6 6
28 25 1896
34 38 2
28 18 3
5 4 2159
27 6 701
8 6 1446
5 28 57
7 14 1377
6 27 1315
41 7 2470
6 42 996
5 2 616
17 25 813
14 42 2207
5 11 9
3 33 2
20 30 1639
40 42 2119
44 52 8762
27 1 7
37 0 52
28 7 1945
9 2 744
14 5 32
32 11 1704
5 33 2112
40 13 223
22 2 1565
3 35 2749
9 3 457
36 21 776
2 16 2655
37 10 90
40 0 654
33 36 475
36 27 264
19 28 2528
32 28 765
16 24 2154
27 29 2689
2 12 2
5 2 206
20 43 1932
26 25 754
39 8 73
4 7 1528
28 11 2798
8 7 73
40 21 227
36 14 33
38 39 248
27 24 2087
22 8 2551
14 26 516
39 20 690
43 1 2713
0 36 2947
11 4 395
32 28 1474
20 41 2
0 8 1064
41 43 1067
25 25 1831
7 1 29
14 6 1570
18 31 461
12 32 557
2 8 2593
29 10 1837
6 41 2074
8 30 9
43 43 9467
11 19 1047
35 30 1178
2 16 1395
28 17 2584
9 10 275
23 8 189
9 42 2415
6 18 648
26 19 2151
16 38 12
9 27 1602
34 35 2535
8 31 2906
29 41 922
16 7 2060
40 35 2939
27 27 965
5 17 284
12 9 2550
32 21 1774
41 1 2934
6 0 5
11 3 1152
33 16 2830
26 36 245
40 40 339
42 19 2082
1 28 720
37 3 128
22 25 174
12 41 181
9 31 695
38 24 430
41 33 1175
3 39 599
17 33 404
22 35 2
12 42 11
27 9 1
9 41 2654
8 2 1545
2 31 83
36 4 5
48 49 9158
3 15 30
8 38 2772
34 28 2761
46 45 1521
4 7 1
11 18 57
33 0 302
1 41 9
3 20 2938
36 25 235
8 0 2283
22 24 2798
3 28 1
19 38 242
8 36 4
3 32 2363
27 20 10
22 8 882
5 7 2427
4 11 82
33 1 192
32 16 1203
6 35 2969
4 16 1796
43 15 1910
28 12 2433
25 11 990
29 39 418
35 5 191
8 9 2870
6 32 6
27 29 2138
15 30 2930
9 22 983
3 19 2291
26 47 99
22 38 647
4 33 407
11 26 142
38 21 1871
0 0 4
15 2 14
2 10 2220
6 13 2908
15 20 2590
37 32 2144
16 11 40
45 30 938
1 29 1821
