1000
1 317 613
2 1 189
3 870 963
3 172 294
3 294 626
3 793 968
2 262 604
2 88 853
2 849 962
1 735 973
1 857 956
2 767 860
2 530 788
3 82 90
1 328 583
2 17 997
3 823 937
2 155 743
3 1 114
1 232 917
1 98 692
2 1 520
1 215 252
2 668 715
1 146 974
3 412 627
3 979 999
3 474 824
2 507 665
1 608 868
2 979 981
2 604 675
2 1 468
3 879 919
2 675 712
3 1 718
1 1 537
3 391 654
3 653 757
1 787 821
2 655 676
3 550 981
3 1 250
3 597 657
1 786 832
1 142 999
3 216 311
1 1 893
1 643 741
1 887 911
2 601 756
3 152 687
2 303 314
3 149 495
2 955 965
1 763 855
1 162 366
1 815 818
1 126 836
2 603 871
2 128 509
2 103 851
1 759 762
1 558 960
1 1 989
2 156 374
2 291 823
2 1 875
1 780 988
1 309 814
2 335 751
2 1 775
2 404 462
3 746 946
1 584 777
1 77 235
1 210 951
1 208 558
3 266 653
2 933 937
3 28 206
1 488 544
3 655 984
3 338 755
1 910 919
3 908 918
3 776 922
1 724 998
2 1 933
1 421 974
2 640 699
2 233 382
3 1 852
3 320 342
3 99 989
2 651 738
2 541 851
2 291 376
2 158 485
2 825 831
2 210 434
1 1 812
2 911 996
1 856 884
3 669 790
2 545 743
1 812 853
2 255 955
3 366 696
2 14 131
3 590 846
3 393 576
3 1 6
2 550 551
1 1 707
1 749 920
2 225 978
2 200 879
3 205 272
1 61 781
1 841 922
1 583 681
3 657 854
1 389 754
1 376 511
3 666 676
1 896 986
3 516 913
1 856 930
1 125 540
1 141 183
1 1 317
2 692 811
3 763 767
1 332 580
2 1 919
3 627 742
2 949 978
3 599 607
2 810 865
3 856 891
2 60 611
2 282 865
3 109 802
3 341 835
2 1 540
2 138 878
1 634 841
1 54 934
2 830 973
2 91 745
1 315 985
3 1 625
1 266 725
3 902 987
2 215 740
3 553 882
1 304 790
2 613 913
2 967 993
2 188 430
3 468 650
3 860 894
1 408 631
1 425 953
3 570 743
3 486 926
1 153 946
2 97 159
1 382 964
3 419 501
2 188 991
2 50 310
2 415 819
3 593 805
1 462 702
3 977 989
3 443 924
2 346 516
3 322 825
3 460 856
3 246 558
3 323 769
3 408 818
1 8 869
3 979 996
1 68 696
2 637 663
2 298 381
2 765 883
2 275 391
3 742 997
3 488 740
2 962 1000
1 322 582
2 107 275
1 94 400
1 524 676
2 1 695
2 436 638
3 33 551
1 832 847
2 675 882
1 204 221
2 362 625
1 45 549
3 627 746
2 338 767
3 258 501
1 1 740
1 766 938
3 1 919
1 877 938
2 537 934
3 657 691
3 809 887
2 960 997
1 823 901
2 706 1000
3 133 339
3 1 28
1 917 921
2 237 984
2 112 999
1 178 751
1 1 303
2 777 844
1 522 552
1 619 925
1 1 649
1 672 709
3 135 888
3 8 949
1 756 927
3 145 555
3 325 702
1 668 778
1 1 816
2 840 964
3 1 811
1 396 715
2 749 847
3 125 970
3 409 851
2 510 860
2 468 761
2 1 75
1 565 588
1 856 975
2 581 686
2 563 765
3 1 232
1 780 923
1 629 742
1 275 936
2 73 998
3 213 978
3 1 694
1 109 696
3 455 978
2 211 323
3 684 889
2 21 86
3 718 760
1 401 993
1 1 286
3 746 836
2 830 966
2 148 276
2 175 723
2 47 674
2 409 445
2 229 523
3 1 248
1 346 582
1 473 634
3 813 902
2 708 903
1 608 732
2 514 943
2 863 945
1 376 921
3 1 712
3 184 793
2 1 153
1 521 744
3 182 363
1 995 996
2 243 871
3 560 753
1 440 767
1 61 283
1 615 699
1 158 258
1 1 968
1 314 595
2 660 824
1 697 952
2 328 565
2 215 913
1 106 573
3 635 796
3 91 790
2 647 992
1 144 877
2 342 914
3 143 829
1 208 318
1 276 778
2 901 976
2 1 257
3 256 878
2 149 202
2 827 940
3 165 373
2 304 793
2 87 799
3 1 325
1 668 749
2 170 885
3 437 855
1 109 506
2 302 654
2 261 904
2 810 825
1 923 999
2 728 752
2 777 817
1 435 833
3 936 955
3 806 842
1 187 749
2 831 934
1 669 990
1 198 735
3 202 730
3 126 562
3 138 836
3 193 556
3 348 932
1 509 849
1 999 999
2 674 964
3 542 776
2 405 939
1 880 890
1 196 230
2 498 821
2 819 935
3 979 986
2 321 510
3 58 572
1 297 864
1 96 115
3 684 939
2 636 866
2 966 995
3 530 767
1 278 569
3 732 899
1 665 745
3 993 995
3 260 667
1 904 994
3 227 387
2 714 785
1 752 945
1 431 679
3 332 677
2 979 995
2 1 253
1 508 565
1 643 665
2 1 330
2 673 737
3 995 1000
1 718 746
1 591 710
2 250 673
1 347 914
2 319 695
1 1 920
1 944 991
1 586 991
3 365 709
1 87 264
2 1 87
3 172 969
2 838 915
3 108 566
3 1 7
3 4 658
3 907 968
2 967 997
2 249 536
3 180 447
3 857 919
1 1 458
3 748 785
1 947 990
2 1 790
2 523 805
3 214 673
3 672 697
1 659 885
1 59 530
3 241 527
3 953 963
3 448 740
1 111 959
2 360 642
3 847 908
3 739 813
2 542 704
1 810 968
2 939 979
3 909 939
3 1 377
2 88 492
1 943 983
2 27 760
3 479 776
2 449 762
3 900 996
1 130 819
1 339 664
3 379 918
3 434 530
1 1 371
1 202 897
2 747 825
1 825 883
1 917 991
2 825 873
3 1 227
3 1 899
1 722 931
1 100 767
1 372 380
2 141 156
1 682 958
3 408 790
1 226 672
2 573 926
3 762 944
2 979 998
3 943 978
2 188 712
3 2 343
1 520 570
1 885 916
2 185 562
3 653 908
1 1 999
3 942 955
1 350 757
1 391 881
1 242 995
3 485 925
2 817 942
3 747 979
1 985 988
3 278 936
2 772 846
1 202 987
3 480 717
2 691 932
1 735 785
3 1 693
3 29 377
1 342 692
3 129 663
2 992 1000
3 578 995
1 759 845
3 295 834
3 954 963
1 253 574
3 963 982
3 390 602
2 879 902
1 810 888
1 1 647
3 941 965
1 118 665
3 273 546
3 676 791
1 80 214
2 143 337
1 808 890
1 768 831
2 419 754
1 118 192
1 596 645
1 1 770
1 202 268
3 555 663
1 450 557
2 289 670
3 881 884
1 713 790
2 9 131
3 957 974
3 974 980
1 305 427
3 796 968
1 700 747
2 25 554
2 727 845
2 642 756
3 221 297
3 751 833
3 607 971
3 694 916
3 874 997
2 636 771
2 126 379
2 538 937
1 1 606
1 709 746
1 112 755
2 232 291
2 890 960
1 659 712
1 799 820
1 244 532
1 351 955
3 310 512
2 629 802
2 114 753
1 64 514
1 864 902
3 26 823
3 66 584
1 719 719
3 73 664
2 1 394
1 859 978
1 597 900
2 207 814
1 1 403
1 671 687
1 675 686
1 514 713
3 103 873
2 400 793
2 935 938
2 718 724
1 153 799
1 874 973
3 341 587
2 549 703
1 736 921
3 719 970
3 399 732
2 575 762
3 405 909
2 756 838
3 922 934
2 770 828
3 257 615
1 782 943
3 321 725
1 82 457
2 305 658
3 1 649
3 570 656
2 1 340
3 196 248
2 1 325
2 8 964
3 772 781
3 926 950
1 1 742
1 1 736
2 306 389
3 304 694
3 135 224
1 469 921
3 692 869
1 95 963
2 555 593
2 584 979
1 1 189
2 844 874
3 399 708
1 978 996
2 204 632
3 583 956
2 942 963
3 871 881
2 551 814
3 630 654
1 638 855
2 281 363
3 211 754
3 841 960
1 247 994
3 456 676
2 921 960
3 1 407
2 1 396
2 11 975
1 1 581
3 101 562
3 520 637
3 42 104
1 706 784
2 881 980
3 350 755
2 501 784
3 716 916
3 769 890
2 358 594
2 361 706
2 804 889
1 636 679
3 339 855
3 1 786
2 853 983
3 735 741
2 300 924
3 546 569
2 809 886
3 897 933
1 255 919
3 245 272
2 678 818
2 458 726
3 603 635
3 68 306
1 114 716
2 446 802
1 635 682
3 658 914
2 330 921
3 861 886
3 300 673
1 204 445
1 657 874
3 194 630
2 1 568
2 577 752
3 793 901
3 394 924
2 546 634
3 734 753
3 657 827
1 1 773
3 953 973
2 901 981
1 225 273
3 26 122
1 318 378
1 248 832
3 115 497
3 845 905
1 865 867
2 539 843
2 948 954
3 577 839
2 769 816
1 178 233
2 744 747
1 341 455
3 225 903
3 265 833
2 758 835
3 458 750
3 518 713
2 782 887
3 762 799
2 326 779
1 854 924
2 1 283
3 392 543
3 257 600
1 237 635
2 604 760
2 1 796
2 249 491
2 112 930
2 876 995
2 261 347
3 835 966
1 490 592
2 774 846
3 627 714
1 488 836
3 1 154
1 381 869
2 850 973
1 621 825
2 214 615
1 885 936
3 190 923
2 846 853
3 293 401
1 210 938
1 573 942
3 862 989
3 299 497
1 776 940
2 498 553
3 851 931
3 551 918
2 853 994
1 971 979
2 658 832
1 662 936
3 808 861
2 579 724
1 1 416
3 967 981
2 762 984
2 951 964
1 672 940
3 617 628
2 572 720
1 269 895
1 59 292
3 330 423
2 1 803
2 105 947
2 1 34
2 365 971
1 760 791
1 897 952
2 545 785
2 993 995
1 670 814
3 5 305
3 838 919
3 229 983
1 47 348
1 463 896
2 487 631
1 1 247
3 268 340
1 932 964
1 10 725
3 154 217
1 1 287
1 230 291
3 1 443
1 725 790
3 915 963
1 452 888
2 840 954
1 81 863
2 75 866
2 810 988
2 881 887
1 884 967
3 632 973
2 349 796
3 809 975
1 1 653
2 79 653
1 274 696
3 353 618
3 230 660
3 698 912
2 456 885
3 965 988
1 848 875
3 585 622
3 38 812
1 976 987
2 976 995
3 528 993
3 957 987
3 479 652
1 36 551
2 335 557
2 469 538
2 87 130
1 287 448
3 792 885
1 935 960
3 745 914
2 971 998
3 236 504
2 109 960
3 7 784
1 547 824
3 404 523
3 140 997
1 361 433
1 591 833
2 106 779
1 858 919
1 344 453
2 528 935
2 982 987
3 822 997
2 917 985
2 899 908
1 921 973
2 761 993
2 457 950
1 525 751
1 937 984
3 1 612
3 528 871
1 16 773
2 1 689
1 818 837
1 1 962
3 658 852
3 1 438
3 677 878
2 714 957
1 1 540
1 307 545
3 422 634
1 590 699
3 991 1000
1 182 462
1 61 564
2 317 387
3 246 862
1 743 818
3 178 915
3 446 453
3 987 997
3 523 593
3 500 602
1 360 533
2 512 863
1 329 376
3 934 945
2 652 757
1 364 431
2 733 809
2 434 693
2 902 952
3 835 946
1 481 691
2 405 763
3 927 927
2 499 897
3 38 823
3 804 820
1 95 605
3 436 599
3 330 774
3 928 936
3 840 874
1 851 923
1 722 977
3 413 520
2 502 981
2 888 950
3 162 798
2 767 930
2 445 841
1 163 426
2 359 981
1 382 456
1 39 721
1 763 991
1 727 847
2 56 394
2 798 910
2 17 552
2 387 505
1 946 998
3 307 693
3 368 911
1 15 111
2 67 728
1 541 600
1 155 975
2 1 31
3 1 976
3 311 857
3 397 981
2 762 979
1 1 874
1 795 832
2 311 556
2 932 981
1 977 991
2 54 249
2 812 895
2 722 961
1 92 551
2 403 597
3 652 859
2 192 322
1 255 335
1 856 921
2 116 828
1 971 984
2 593 610
1 638 752
2 33 459
2 371 815
3 17 864
1 115 693
3 23 995
2 434 760
2 66 579
2 214 840
1 992 997
2 143 645
2 1 230
3 696 839
3 562 613
1 166 679
1 600 835
3 285 683
3 95 722
2 762 767
1 908 937
1 953 959
1 660 874
1 866 951
1 209 305
1 792 986
2 790 974
2 815 916
1 252 551
1 460 653
2 1 591
1 808 936
1 537 831
1 902 929
1 757 954
3 412 607
1 624 918
2 177 678
3 716 841
3 821 995
2 473 496
3 559 928
1 853 991
2 419 647
2 580 644
3 93 610
3 1 662
2 835 995
2 643 726
1 684 712
3 446 983
2 48 330
1 1 173
1 281 720
1 440 627
1 733 985
3 656 898
2 169 542
1 1 652
1 65 76
1 725 823
3 648 798
1 541 551
3 603 908
2 953 971
1 675 930
1 699 854
2 158 581
3 706 927
3 266 690
2 515 768
3 321 377
1 403 684
2 235 265
2 463 548
1 513 717
3 1 609
2 226 374
1 740 775
2 117 643
1 1 909
3 338 393
3 963 990
1 713 940
3 270 516
1 992 993
2 110 334
2 878 957
3 751 770
2 51 392
2 738 809
3 988 997
2 298 722
2 1 290
2 751 981
3 1 108
2 77 674
2 437 809
2 134 623
1 1 271
1 341 857
2 981 992
2 1 750
3 1 804
3 1 52
