92 27767
298 6 204
169 46 76
210 34 76
118 45 281
202 35 23
279 42 538
132 40 832
219 28 349
6 31 924
281 27 492
62 6 387
228 21 153
53 21 110
58 15 930
100 2 525
9 29 849
78 30 42
169 45 406
103 32 949
111 4 20
267 24 594
206 17 669
66 21 972
180 47 954
110 50 481
281 12 678
168 13 124
76 50 155
247 35 305
298 29 418
215 17 550
278 39 167
186 21 443
60 43 400
75 30 977
55 16 525
245 40 167
178 22 330
280 22 471
129 23 679
4 37 82
7 35 526
168 3 302
247 21 698
18 7 478
281 31 108
250 10 219
205 31 387
296 26 238
154 3 132
47 20 633
208 22 781
3 37 162
288 1 446
27 38 534
174 48 884
288 18 583
202 32 929
162 37 148
220 36 989
11 1 679
205 34 517
32 29 923
56 49 47
45 39 244
167 31 972
56 22 393
73 16 36
194 43 526
189 38 986
50 50 24
54 50 2
70 15 485
139 13 239
261 29 150
127 21 275
127 29 883
44 25 801
135 5 983
61 26 467
222 21 499
1 8 477
261 37 400
69 1 378
278 28 589
236 32 934
131 24 698
37 20 802
160 11 449
269 5 760
122 5 428
189 5 431
