56 56
4 34 41 48 34
6 31 48 24 35 37 22
3 17 50 4
6 16 22 27 45 46 30
3 32 22 52
6 4 19 5 37 2 20
5 54 44 8 49 49
6 27 45 45 26 30 44
5 7 41 36 33 9
4 53 43 30 6
3 27 15 11
5 42 26 13 32 8
1 19
4 9 35 13 35
3 53 51 39
3 21 35 25
6 40 6 4 55 38 37
5 10 12 21 8 43
2 35 21
2 32 3
3 36 56 54
1 37
2 36 10
6 37 33 15 24 27 27
2 35 9
3 7 38 37
2 8 44
2 54 21
4 46 1 6 35
6 38 6 55 55 50 27
4 55 4 34 26
5 2 3 25 16 55
1 21
2 27 7
5 18 50 24 52 4
2 39 32
4 49 15 28 30
6 6 52 33 5 53 16
2 1 38
6 8 37 41 48 17 15
2 23 33
4 2 10 47 21
1 9
5 32 16 40 42 17
6 25 14 43 33 23 34
6 33 36 13 50 54 39
3 26 48 55
5 7 17 43 46 24
3 38 50 14
4 18 50 55 39
4 41 37 29 30
6 13 37 23 24 35 34
3 2 27 17
5 37 17 17 22 35
5 25 50 8 6 17
1 32
