54 54
4 33 39 46 33
6 30 46 23 34 35 21
3 17 49 4
6 15 21 26 43 44 29
3 31 22 50
6 4 19 5 36 2 20
5 52 43 8 47 47
6 26 44 44 25 29 43
5 7 39 35 32 8
4 52 41 29 6
3 26 15 11
5 40 25 12 31 8
1 18
4 9 34 13 34
3 51 49 37
3 20 34 24
6 38 6 4 53 37 36
5 10 12 20 7 41
2 33 20
2 31 3
3 35 54 52
1 36
2 35 9
6 36 32 14 23 26 26
2 34 9
3 6 37 36
2 8 43
2 52 20
4 45 1 6 34
6 37 6 53 53 48 26
4 53 4 33 25
5 2 3 24 16 53
1 20
2 26 7
5 18 48 23 50 4
2 38 31
4 47 15 28 29
6 6 50 32 5 51 15
2 1 37
6 8 35 39 46 16 15
2 22 32
4 2 9 45 20
1 8
5 31 15 39 40 16
6 24 14 41 32 22 32
6 31 35 13 27 52 37
3 25 46 53
5 7 17 42 44 23
3 37 48 14
4 17 48 53 38
4 40 36 28 29
6 13 35 22 23 34 33
3 2 26 17
5 36 16 16 21 34
