58 58
4 35 42 49 35
6 32 50 25 37 38 23
3 18 52 4
6 16 23 28 46 48 31
3 33 23 54
6 5 20 6 38 2 22
5 56 46 9 51 51
6 28 47 47 12 31 29
5 7 42 38 34 9
4 55 44 31 7
3 28 16 11
5 43 27 13 33 8
1 19
4 9 36 13 36
3 55 53 40
3 21 36 26
6 41 6 4 57 39 38
5 10 13 21 8 44
2 36 22
2 34 3
3 37 58 56
1 38
2 37 10
6 38 34 15 25 28 28
2 37 10
3 7 40 39
2 9 46
2 56 22
4 48 1 6 37
6 40 6 57 57 51 28
4 57 4 36 27
5 2 3 26 17 57
1 21
2 28 7
5 19 52 25 54 4
2 41 33
4 51 16 30 31
6 6 54 34 5 54 17
2 1 39
6 8 38 42 49 17 16
2 24 35
4 2 10 49 22
1 9
5 34 16 41 43 17
6 26 15 44 34 23 35
6 34 38 13 52 56 40
3 27 50 57
5 7 18 45 48 24
3 40 52 15
4 19 52 56 41
4 43 39 30 31
6 14 38 23 25 36 36
3 2 28 18
5 39 17 17 23 36
5 25 51 8 6 18
1 34
3 35 33 34
1 38
