60 60
4 36 43 51 37
6 33 51 26 38 39 24
3 18 54 4
6 17 24 29 48 49 32
3 35 24 56
6 5 21 6 39 2 23
5 58 47 9 53 53
6 29 48 49 28 32 47
3 8 44 39 
2 57 46
3 30 16 12
5 45 28 13 35 9
1 20
4 9 37 14 38
3 57 55 41
3 22 37 27
6 42 6 4 59 41 40
5 11 13 22 8 46
2 37 22
2 35 3
3 39 60 58
1 40
2 39 10
6 40 35 16 25 28 29
2 38 10
3 7 41 40
2 9 47
2 57 23
4 50 1 6 38
3 41 6 59
4 59 4 37 28
5 2 3 27 17 59
1 22
1 29
5 20 53 25 56 4
2 42 34
4 52 16 31 32
6 6 56 35 5 56 17
2 1 41
3 8 39 43
2 24 36
4 2 10 50 23
1 9
5 35 17 43 45 18
6 26 15 46 35 24 36
3 35 39 14
3 27 51 59
5 7 18 47 49 25
3 41 53 15
3 19 53 58
4 44 40 31 32
6 14 39 24 26 38 37
3 2 29 19
5 40 18 18 24 38
5 26 53 9 7 18
1 35
3 36 34 35
1 40
6 40 20 26 14 54 9
3 6 27 60
