59 59
4 35 43 50 36
6 33 50 25 37 39 23
3 18 53 4
6 12 23 29 47 48 32
3 34 24 55
6 5 20 6 39 2 22
5 57 46 9 52 52
6 28 48 48 28 31 47
5 7 43 38 35 9
4 56 45 51 7
3 28 16 11
5 44 21 13 34 8
1 20
4 9 37 14 37
3 56 54 41
3 22 37 26
6 42 6 4 58 40 39
5 11 13 22 8 45
2 36 22
2 34 3
3 38 59 57
1 39
2 38 10
6 39 35 15 25 28 29
2 37 10
3 7 40 39
2 9 46
2 57 22
4 49 1 6 37
6 40 6 58 58 52 28
4 58 4 36 27
5 2 3 27 17 58
1 22
2 29 8
5 19 52 25 55 4
2 41 34
4 52 16 31 31
6 6 55 34 5 55 17
2 1 40
6 8 39 43 50 18 16
2 24 35
4 2 10 49 22
1 9
5 34 16 42 44 18
6 26 15 45 34 24 35
6 34 38 14 53 57 41
3 27 50 58
5 7 18 46 49 25
3 40 52 15
4 19 53 57 41
4 43 39 30 32
6 14 38 24 26 37 36
3 2 28 18
5 39 17 18 23 37
5 26 52 8 7 18
1 34
3 35 33 34
1 39
6 39 19 26 14 53 9
