90 36
97119
93219
-64224
68145
23017
87151
-39863
-94896
82882
-97507
84711
18385
83378
22365
-27609
-53295
787
61589
-34996
54863
-67125
-22457
26659
22439
-40896
-75880
5343
88716
23895
1008
55473
89712
-76470
-96924
-18860
45131
31626
30798
-22767
43478
11009
-27095
-51449
-80726
2543
2501
11690
-89930
81339
37451
76466
61836
87997
79856
-83698
-12252
80518
86713
68638
45137
-24825
-67024
-77677
62501
81634
72694
58186
-41844
-64990
32598
82860
19046
59851
-95344
-48850
-37495
-25944
85843
99300
76116
23947
14684
-83338
-66142
16054
34840
81417
62291
35298
-45408
32 78
11 86
35 74
16 58
38 81
13 62
8 70
38 23
39 29
16 2
16 43
15 8
49 4
12 33
85 45
9 24
49 22
49 47
43 82
71 90
23 10
16 83
80 25
1 51
49 50
89 40
81 16
49 28
56 3
80 38
47 87
80 49
30 27
49 36
17 72
2 34
81 7
65 84
73 48
87 21
81 85
18 53
35 11
9 12
16 20
62 54
80 13
22 65
2 31
58 55
80 89
47 59
40 79
37 6
56 61
58 63
25 9
83 46
9 17
40 68
38 41
55 66
83 35
71 5
36 52
23 60
78 69
8 1
9 26
4 77
87 73
49 30
83 15
79 71
2 37
80 57
76 39
25 56
14 75
81 32
52 76
35 19
9 18
79 14
40 44
86 67
18 64
14 42
52 88
