0
0
0
0
0
0
0
1
0
0
0
0
1
0
0
1
0
0
0
0
0
0
0
0
0
1
0
0
3
0
0
2
0
0
1
0
0
0
0
0
1
1
0
0
0
2
0
3
1
0
0
0
5
0
0
0
0
0
0
0
1
1
1
1
1
0
1
0
0
0
1
0
0
0
2
0
0
3
2
0
2
0
0
1
0
0
0
0
0
0
1
0
1
0
0
2
0
0
0
0
0
1
0
0
0
1
0
0
0
0
0
1
0
0
0
0
2
0
1
3
0
0
0
0
0
1
2
1
0
0
0
1
2
0
0
0
2
1
0
1
0
0
0
0
1
0
0
1
0
0
0
0
1
1
0
0
0
0
1
0
0
0
0
0
0
0
1
0
0
1
0
0
0
0
1
2
0
0
0
0
0
0
0
1
0
0
0
0
1
0
0
0
0
2
0
0
0
0
1
0
2
0
0
0
0
1
2
0
0
0
0
0
1
0
0
0
1
0
0
0
0
0
1
0
0
0
0
1
0
0
0
0
2
0
0
0
0
2
0
0
2
0
0
1
1
0
0
0
0
1
0
1
1
0
0
0
0
0
1
0
0
1
0
2
0
1
0
0
0
0
2
0
0
0
0
0
0
0
0
0
1
0
0
0
1
1
0
0
2
0
1
0
0
0
0
1
0
0
0
0
0
0
0
2
0
0
0
0
0
0
0
0
0
0
0
0
0
0
0
0
0
0
1
1
0
0
1
0
0
0
0
1
0
1
0
0
0
0
0
2
0
0
2
0
0
1
1
1
0
0
0
1
1
0
0
0
0
0
0
0
1
0
1
0
0
0
1
0
0
0
0
0
1
0
1
1
0
2
0
0
0
0
0
0
0
0
0
0
1
0
0
0
1
0
0
0
0
0
0
0
0
0
0
0
0
0
0
0
0
2
0
0
0
0
1
0
0
0
0
0
1
1
1
0
0
0
1
0
0
0
0
0
1
1
1
1
0
0
0
1
0
0
0
0
3
0
0
0
0
0
0
1
0
0
0
0
0
2
2
0
0
0
1
0
0
1
0
0
0
0
0
0
0
0
0
1
1
1
0
0
0
0
0
0
0
0
0
0
0
0
1
0
1
1
0
0
0
0
2
0
0
0
0
0
0
0
0
0
0
0
0
0
0
0
0
0
0
1
0
1
1
0
0
1
0
1
1
0
0
0
0
0
0
0
2
0
1
1
0
0
0
0
0
0
0
0
2
0
0
2
0
0
1
0
0
0
0
0
0
1
1
0
0
0
0
0
1
1
0
0
0
0
0
0
0
1
1
1
0
0
0
0
0
0
0
0
0
0
0
0
2
1
0
1
0
0
1
0
0
0
0
0
1
1
0
0
0
0
0
0
0
1
1
0
0
0
0
0
0
0
0
0
1
1
0
0
0
1
0
1
2
0
0
0
1
0
2
0
1
0
1
0
1
1
0
1
1
1
0
1
0
0
0
0
0
1
0
0
0
0
0
1
0
0
0
0
0
0
1
0
0
0
1
0
0
0
0
1
1
1
0
0
0
1
0
0
1
0
0
0
0
0
1
0
0
0
0
1
0
0
0
0
0
0
0
0
1
0
0
2
0
1
0
0
0
0
0
0
0
0
0
0
2
0
0
0
0
0
1
1
0
0
0
0
0
0
0
0
0
0
1
0
0
1
0
1
1
0
0
2
1
0
0
1
0
0
1
0
0
0
0
0
0
0
0
0
0
0
0
0
0
1
0
1
1
1
0
0
0
0
0
0
0
0
0
0
0
0
0
3
0
0
0
0
0
0
0
0
2
0
1
0
2
0
1
1
0
1
0
0
0
0
0
1
0
0
0
1
0
0
0
2
0
0
0
0
0
0
1
0
0
1
0
0
0
0
0
0
0
0
1
0
1
1
0
0
1
0
0
0
2
2
0
0
0
0
1
0
0
0
0
0
0
0
1
0
0
0
0
1
1
1
0
0
1
0
0
1
0
0
1
0
0
0
0
0
1
0
0
0
0
0
1
1
0
1
1
2
1
0
0
0
1
2
0
0
1
0
0
1
0
0
0
1
0
0
1
2
0
2
0
0
0
0
0
1
0
1
0
0
1
1
0
0
0
0
0
0
0
0
0
0
1
2
0
0
0
0
1
0
1
0
0
0
1
1
0
0
0
0
0
0
0
0
0
0
1
0
1
0
0
1
1
0
1
0
0
1
0
0
0
0
0
0
0
0
0
0
1
1
0
0
0
0
0
0
2
0
0
2
0
1
1
0
0
0
0
0
0
1
0
0
0
0
0
0
1
1
0
0
1
1
0
0
0
0
0
0
0
1
1
0
0
1
0
1
0
0
0
1
0
0
0
0
0
0
1
0
0
0
0
0
0
0
0
1
0
0
0
1
0
0
0
0
1
0
1
1
0
0
1
0
0
0
0
1
0
1
2
0
0
0
2
0
1
0
0
1
0
0
1
0
1
0
1
0
0
0
0
1
1
0
0
0
1
2
0
0
0
0
1
1
0
0
1
1
0
0
2
0
1
0
1
0
1
0
2
1
1
0
1
2
0
0
1
0
0
0
0
0
0
0
1
0
0
0
1
1
0
0
0
0
1
0
1
0
2
0
0
0
2
0
0
1
0
0
0
0
1
0
1
3
0
0
0
1
0
1
1
0
1
0
0
1
0
0
0
0
0
1
0
1
0
0
1
1
0
0
0
0
1
1
1
0
2
0
2
0
0
0
0
0
1
2
0
0
2
0
0
2
0
0
0
0
0
0
1
0
0
0
0
2
0
0
0
0
1
0
0
0
0
0
0
0
0
0
0
0
0
1
0
0
0
0
0
0
0
1
1
1
0
0
0
0
0
0
0
0
0
1
0
0
0
1
1
0
0
0
0
0
2
0
0
0
0
0
1
0
0
0
1
0
0
1
0
0
1
0
0
0
0
0
0
0
0
0
1
0
0
0
0
0
0
2
1
0
0
2
0
0
0
0
2
0
0
0
2
0
1
0
0
1
0
0
0
0
0
0
1
0
1
0
0
1
0
2
2
0
0
0
0
0
1
0
0
0
0
0
0
0
0
0
1
0
0
0
0
1
0
0
0
0
0
0
0
1
1
0
0
0
0
0
0
0
0
0
2
0
0
0
0
0
0
0
1
0
0
0
0
2
1
0
0
0
0
1
0
0
0
0
1
0
0
0
2
0
1
0
1
1
0
0
0
0
1
0
1
1
0
0
0
0
0
0
0
0
0
1
0
0
0
0
0
0
0
0
0
0
0
0
0
0
0
0
0
1
0
1
0
0
0
0
1
1
0
0
0
1
0
0
2
0
0
2
0
1
0
0
0
0
0
0
0
0
0
1
0
1
0
0
1
0
0
0
1
0
0
0
0
1
0
0
0
0
0
1
0
0
0
1
0
0
1
0
0
1
0
0
0
0
0
0
0
0
0
0
1
1
0
0
0
1
0
1
0
0
0
1
0
0
0
0
1
1
0
0
0
1
0
0
0
0
0
2
0
2
2
0
4
0
0
0
2
0
0
0
0
0
0
0
0
1
0
0
0
0
2
0
0
0
0
1
0
0
1
0
0
0
1
1
2
0
0
0
0
0
0
0
0
0
0
2
0
0
1
0
1
0
0
0
0
1
2
0
1
0
0
0
0
0
3
0
0
0
1
1
0
1
0
0
0
0
0
2
0
0
0
0
0
0
0
1
0
1
0
1
0
0
0
0
0
1
0
0
1
0
0
0
0
1
0
0
0
0
1
2
0
0
2
0
0
0
1
0
0
0
0
0
0
1
0
0
0
0
1
0
0
1
0
0
0
0
0
0
0
0
0
1
1
1
2
0
0
0
1
0
0
0
0
0
0
0
0
0
0
0
0
0
0
0
0
0
0
0
0
1
0
0
2
0
1
0
0
0
0
0
0
0
0
0
0
0
0
1
0
0
1
0
1
2
0
2
0
0
0
0
0
0
0
0
2
0
1
0
0
0
0
1
0
0
0
1
0
0
0
0
0
1
0
0
0
0
0
0
2
0
0
0
0
0
0
0
0
0
0
0
1
0
0
2
0
0
0
0
0
0
0
0
0
0
0
0
1
1
0
0
0
0
0
1
1
0
0
0
0
0
1
0
2
1
0
0
1
0
0
0
0
0
0
0
0
1
0
3
1
0
0
0
0
1
0
0
1
0
0
0
0
0
0
0
0
0
1
0
0
1
0
0
1
0
1
1
0
0
0
0
0
1
1
0
0
0
0
0
0
0
0
0
1
0
0
0
0
0
0
0
1
1
0
0
1
0
0
0
0
0
0
0
0
1
0
0
0
0
0
0
1
1
0
0
0
2
2
0
1
0
1
0
1
0
0
1
2
0
0
0
0
1
1
0
0
0
1
0
0
0
0
2
1
0
0
0
0
0
0
0
0
0
0
0
0
1
1
0
0
0
0
0
0
0
0
0
0
0
0
1
1
0
0
0
0
0
1
0
0
0
0
0
0
1
0
0
0
0
0
0
0
0
0
0
3
4
5
7
10
11
12
13
2
16
19
19
19
0
1
3
25
0
0
27
0
28
29
31
3
31
32
33
34
0
37
0
41
43
0
44
0
48
48
49
0
0
50
0
53
1
58
0
1
61
63
63
64
64
68
0
71
2
74
74
76
0
79
0
80
88
87
87
90
2
92
0
93
96
97
98
0
100
0
0
0
1
0
110
110
110
114
2
114
0
0
117
0
120
122
1
124
124
126
128
132
133
2
137
142
140
144
145
1
1
148
2
151
152
2
156
0
158
158
159
160
0
2
166
166
168
167
170
172
174
0
0
180
1
183
184
187
189
3
1
197
197
199
0
0
203
206
204
207
0
207
210
210
209
212
214
216
217
216
220
221
0
222
224
1
225
225
1
229
230
232
232
0
236
0
243
246
246
248
1
1
253
0
254
255
255
0
258
260
261
262
1
0
270
0
0
0
279
279
280
4
280
281
282
282
283
289
5
291
0
2
292
0
294
296
298
298
299
0
301
304
304
305
306
307
0
309
310
311
312
0
0
316
1
320
0
322
322
326
325
326
326
0
0
329
330
332
333
334
333
2
335
337
0
339
0
1
341
342
344
343
0
346
347
1
350
353
2
357
1
1
359
361
364
363
0
367
366
369
369
372
373
373
376
376
379
0
383
385
0
0
387
0
1
393
395
394
0
1
0
400
401
401
403
0
404
0
1
409
411
411
413
0
413
415
415
416
417
422
422
0
425
0
429
0
429
430
0
431
436
436
0
439
439
438
439
439
0
442
0
445
0
0
449
0
1
1
1
3
460
461
462
466
466
467
0
474
0
0
0
0
476
477
478
479
0
483
1
1
0
486
487
490
0
0
0
494
1
0
499
1
0
502
503
1
504
507
506
509
509
510
510
511
511
0
513
513
515
515
516
0
516
517
519
0
521
522
524
523
0
526
530
0
0
535
537
535
0
544
545
548
550
1
553
0
554
0
1
557
557
559
559
561
0
562
564
565
566
1
568
568
569
570
571
573
573
2
579
582
582
2
0
582
583
585
0
590
590
590
592
594
595
0
0
0
601
601
601
603
604
0
1
0
608
610
610
609
612
613
0
618
570
619
620
607
1
0
605
627
610
0
629
630
577
1
1
0
613
551
84
418
1
281
471
557
644
0
375
647
0
1
182
148
1
381
533
0
80
92
618
201
25
170
0
529
325
0
199
331
0
207
0
0
331
492
160
0
266
497
598
635
0
0
4
147
121
38
94
378
43
1
48
157
26
231
0
55
10
0
0
85
0
188
0
190
486
305
2
412
215
62
647
604
0
6
7
734
2
735
346
737
0
667
1
742
743
745
0
746
747
748
0
750
752
0
752
753
754
756
758
0
761
761
763
764
767
2
768
0
770
0
0
775
0
0
777
778
0
780
781
781
783
782
14
785
786
787
0
787
3
2
793
794
1
797
795
797
798
122
573
107
127
107
159
0
81
20
222
529
223
325
745
547
294
11
84
372
439
724
197
140
569
0
291
0
300
306
0
600
228
221
2
0
627
279
532
529
2
526
0
104
48
0
598
474
1
392
49
357
597
2
594
231
769
463
174
589
224
561
334
0
0
402
392
513
300
418
734
322
208
0
23
7
343
22
48
121
25
144
331
466
83
21
158
578
383
114
375
8
513
150
43
159
742
229
153
114
765
299
438
780
476
784
479
622
174
447
6
581
797
462
474
519
375
227
240
0
490
73
356
37
550
442
524
366
212
73
3
401
486
329
290
344
135
529
202
291
421
254
29
431
787
363
443
28
572
541
256
497
448
85
307
605
411
510
357
13
230
144
572
620
595
447
528
672
0
780
1
214
601
1
616
179
27
608
324
80
19
159
127
0
2
557
539
5
90
0
776
50
315
221
195
233
412
0
399
0
364
310
250
174
300
215
100
779
0
177
0
532
390
17
100
2
438
162
399
766
733
235
100
1
59
442
64
590
445
763
61
289
58
1
608
0
1
0
34
420
1
141
474
69
1
54
53
403
512
1
421
555
294
291
399
405
0
116
503
166
0
355
92
54
252
350
171
98
1
299
138
495
0
350
83
505
750
460
346
197
288
308
412
286
3
319
359
279
22
207
109
0
114
119
599
5
617
463
1
210
183
499
526
379
32
355
123
0
399
301
0
0
557
431
555
73
519
7
473
181
120
162
55
480
2
494
41
402
781
390
739
353
1
354
326
1
309
1
272
537
602
129
0
57
110
1
0
494
184
624
88
394
215
1
5
602
193
290
590
562
0
216
630
273
0
319
2
311
205
347
5
780
0
436
364
420
392
0
166
3
235
614
131
225
516
529
289
586
0
522
337
0
1
378
122
25
534
282
183
146
25
382
628
98
439
375
1
266
96
1
437
53
421
177
567
224
68
219
21
335
0
528
3
146
422
0
8
449
17
745
1
1
189
324
0
795
493
522
2
571
62
69
174
32
0
391
72
2
485
257
43
254
175
249
232
51
361
797
628
798
629
1
379
80
43
532
107
557
439
313
148
82
0
439
12
69
355
794
429
590
283
620
596
3
99
370
593
503
0
420
550
279
485
228
225
310
198
620
56
223
0
69
120
4
3
10
174
776
732
763
243
489
434
516
209
485
1
564
475
480
307
311
532
169
2
16
616
451
366
1
443
1
1
175
232
101
585
743
437
481
0
37
613
361
64
595
558
88
177
167
0
174
539
788
162
152
757
415
444
267
31
571
515
610
533
78
362
324
555
0
368
71
158
442
522
0
26
300
0
62
269
305
0
599
526
489
767
15
593
260
784
360
95
0
0
146
189
166
59
169
134
223
0
369
603
296
181
1
399
567
156
1
503
534
595
127
328
181
168
630
590
201
318
732
344
0
297
594
557
258
260
165
0
76
34
201
178
606
0
357
286
134
341
352
101
0
229
783
0
36
0
309
146
312
274
509
782
427
172
424
314
198
769
778
323
116
758
752
3
364
386
568
2
630
155
245
776
477
216
608
88
442
276
780
476
763
267
347
4
347
420
19
550
559
752
601
767
393
367
349
411
326
504
299
748
309
364
18
189
559
420
756
465
1
45
9
761
783
216
297
448
248
563
565
117
313
768
784
794
501
672
601
1
478
497
617
769
198
73
341
272
0
0
161
279
350
135
306
430
116
511
524
282
622
0
128
554
69
243
407
554
211
213
32
470
415
768
437
1
101
189
1
477
337
408
756
390
219
305
117
364
126
25
483
324
430
346
201
483
585
776
291
29
418
791
1
766
245
775
210
144
208
282
345
60
550
30
536
436
575
84
0
564
0
296
308
268
412
400
324
0
88
517
425
205
551
518
1
603
340
522
625
505
747
163
629
496
307
527
472
18
0
298
496
541
401
73
454
206
432
81
11
396
353
474
133
255
411
0
766
75
736
10
288
330
207
166
545
281
253
313
249
9
298
121
585
172
0
542
792
301
172
1
0
557
790
85
464
77
0
486
0
33
217
3
757
410
22
294
412
620
346
355
650
217
0
229
793
407
278
414
225
79
598
311
574
451
391
270
0
199
260
435
79
458
526
71
152
411
493
775
74
123
0
164
574
315
443
162
502
218
448
345
243
252
523
423
325
364
514
770
471
165
475
223
508
0
515
0
227
243
216
0
526
178
130
748
516
1
618
43
589
540
27
385
579
151
105
490
629
769
250
634
336
335
5
751
598
557
517
780
109
109
535
615
457
179
541
601
13
386
1
372
2
44
0
315
443
524
471
292
12
776
228
0
312
600
326
232
178
385
182
96
520
96
291
360
363
548
2
23
777
85
52
86
2
170
313
744
570
613
334
503
247
244
42
0
3
333
325
766
494
3
212
375
6
573
0
68
1
557
561
45
146
748
484
405
399
207
0
231
326
223
571
761
0
352
782
163
509
332
397
171
768
87
5
98
657
475
0
246
360
172
636
624
17
80
0
31
601
436
0
278
323
282
396
6
502
355
593
484
0
508
277
468
22
64
225
627
334
553
654
1
564
228
95
317
461
538
316
644
750
2
789
372
38
311
117
3
1
607
110
770
273
342
579
441
232
482
2
0
1
507
455
231
343
770
108
76
97
475
8
93
152
32
757
491
11
146
592
151
629
610
63
119
601
2
597
634
58
746
48
332
107
316
240
775
305
0
0
18
543
704
58
389
387
282
580
25
461
97
392
496
472
364
644
0
86
186
212
10
467
339
582
413
588
794
68
16
11
512
794
312
3
758
51
394
1
388
163
675
357
0
661
483
590
579
132
322
792
604
332
12
570
92
612
553
36
571
630
594
742
175
249
491
793
150
210
52
0
763
575
445
260
512
421
325
6
569
12
29
472
93
549
732
9
172
37
792
513
744
363
476
791
148
40
607
0
33
0
184
483
212
0
61
116
213
343
612
3
168
408
346
62
13
573
58
254
214
341
236
751
775
309
425
600
622
435
144
4
238
0
93
521
136
610
4
1
43
158
14
186
246
569
688
782
0
360
408
0
556
408
0
92
4
0
36
128
664
630
2
472
81
482
582
227
738
428
0
604
29
296
502
