5000 4999
99999998
99999991
99999980
99999965
99999946
99999923
99999896
99999865
99999830
99999791
99999748
99999701
99999650
99999595
99999536
99999473
99999406
99999335
99999260
99999181
99999098
99999011
99998920
99998825
99998726
99998623
99998516
99998405
99998290
99998171
99998048
99997921
99997790
99997655
99997516
99997373
99997226
99997075
99996920
99996761
99996598
99996431
99996260
99996085
99995906
99995723
99995536
99995345
99995150
99994951
99994748
99994541
99994330
99994115
99993896
99993673
99993446
99993215
99992980
99992741
99992498
99992251
99992000
99991745
99991486
99991223
99990956
99990685
99990410
99990131
99989848
99989561
99989270
99988975
99988676
99988373
99988066
99987755
99987440
99987121
99986798
99986471
99986140
99985805
99985466
99985123
99984776
99984425
99984070
99983711
99983348
99982981
99982610
99982235
99981856
99981473
99981086
99980695
99980300
99979901
99979498
99979091
99978680
99978265
99977846
99977423
99976996
99976565
99976130
99975691
99975248
99974801
99974350
99973895
99973436
99972973
99972506
99972035
99971560
99971081
99970598
99970111
99969620
99969125
99968626
99968123
99967616
99967105
99966590
99966071
99965548
99965021
99964490
99963955
99963416
99962873
99962326
99961775
99961220
99960661
99960098
99959531
99958960
99958385
99957806
99957223
99956636
99956045
99955450
99954851
99954248
99953641
99953030
99952415
99951796
99951173
99950546
99949915
99949280
99948641
99947998
99947351
99946700
99946045
99945386
99944723
99944056
99943385
99942710
99942031
99941348
99940661
99939970
99939275
99938576
99937873
99937166
99936455
99935740
99935021
99934298
99933571
99932840
99932105
99931366
99930623
99929876
99929125
99928370
99927611
99926848
99926081
99925310
99924535
99923756
99922973
99922186
99921395
99920600
99919801
99918998
99918191
99917380
99916565
99915746
99914923
99914096
99913265
99912430
99911591
99910748
99909901
99909050
99908195
99907336
99906473
99905606
99904735
99903860
99902981
99902098
99901211
99900320
99899425
99898526
99897623
99896716
99895805
99894890
99893971
99893048
99892121
99891190
99890255
99889316
99888373
99887426
99886475
99885520
99884561
99883598
99882631
99881660
99880685
99879706
99878723
99877736
99876745
99875750
99874751
99873748
99872741
99871730
99870715
99869696
99868673
99867646
99866615
99865580
99864541
99863498
99862451
99861400
99860345
99859286
99858223
99857156
99856085
99855010
99853931
99852848
99851761
99850670
99849575
99848476
99847373
99846266
99845155
99844040
99842921
99841798
99840671
99839540
99838405
99837266
99836123
99834976
99833825
99832670
99831511
99830348
99829181
99828010
99826835
99825656
99824473
99823286
99822095
99820900
99819701
99818498
99817291
99816080
99814865
99813646
99812423
99811196
99809965
99808730
99807491
99806248
99805001
99803750
99802495
99801236
99799973
99798706
99797435
99796160
99794881
99793598
99792311
99791020
99789725
99788426
99787123
99785816
99784505
99783190
99781871
99780548
99779221
99777890
99776555
99775216
99773873
99772526
99771175
99769820
99768461
99767098
99765731
99764360
99762985
99761606
99760223
99758836
99757445
99756050
99754651
99753248
99751841
99750430
99749015
99747596
99746173
99744746
99743315
99741880
99740441
99738998
99737551
99736100
99734645
99733186
99731723
99730256
99728785
99727310
99725831
99724348
99722861
99721370
99719875
99718376
99716873
99715366
99713855
99712340
99710821
99709298
99707771
99706240
99704705
99703166
99701623
99700076
99698525
99696970
99695411
99693848
99692281
99690710
99689135
99687556
99685973
99684386
99682795
99681200
99679601
99677998
99676391
99674780
99673165
99671546
99669923
99668296
99666665
99665030
99663391
99661748
99660101
99658450
99656795
99655136
99653473
99651806
99650135
99648460
99646781
99645098
99643411
99641720
99640025
99638326
99636623
99634916
99633205
99631490
99629771
99628048
99626321
99624590
99622855
99621116
99619373
99617626
99615875
99614120
99612361
99610598
99608831
99607060
99605285
99603506
99601723
99599936
99598145
99596350
99594551
99592748
99590941
99589130
99587315
99585496
99583673
99581846
99580015
99578180
99576341
99574498
99572651
99570800
99568945
99567086
99565223
99563356
99561485
99559610
99557731
99555848
99553961
99552070
99550175
99548276
99546373
99544466
99542555
99540640
99538721
99536798
99534871
99532940
99531005
99529066
99527123
99525176
99523225
99521270
99519311
99517348
99515381
99513410
99511435
99509456
99507473
99505486
99503495
99501500
99499501
99497498
99495491
99493480
99491465
99489446
99487423
99485396
99483365
99481330
99479291
99477248
99475201
99473150
99471095
99469036
99466973
99464906
99462835
99460760
99458681
99456598
99454511
99452420
99450325
99448226
99446123
99444016
99441905
99439790
99437671
99435548
99433421
99431290
99429155
99427016
99424873
99422726
99420575
99418420
99416261
99414098
99411931
99409760
99407585
99405406
99403223
99401036
99398845
99396650
99394451
99392248
99390041
99387830
99385615
99383396
99381173
99378946
99376715
99374480
99372241
99369998
99367751
99365500
99363245
99360986
99358723
99356456
99354185
99351910
99349631
99347348
99345061
99342770
99340475
99338176
99335873
99333566
99331255
99328940
99326621
99324298
99321971
99319640
99317305
99314966
99312623
99310276
99307925
99305570
99303211
99300848
99298481
99296110
99293735
99291356
99288973
99286586
99284195
99281800
99279401
99276998
99274591
99272180
99269765
99267346
99264923
99262496
99260065
99257630
99255191
99252748
99250301
99247850
99245395
99242936
99240473
99238006
99235535
99233060
99230581
99228098
99225611
99223120
99220625
99218126
99215623
99213116
99210605
99208090
99205571
99203048
99200521
99197990
99195455
99192916
99190373
99187826
99185275
99182720
99180161
99177598
99175031
99172460
99169885
99167306
99164723
99162136
99159545
99156950
99154351
99151748
99149141
99146530
99143915
99141296
99138673
99136046
99133415
99130780
99128141
99125498
99122851
99120200
99117545
99114886
99112223
99109556
99106885
99104210
99101531
99098848
99096161
99093470
99090775
99088076
99085373
99082666
99079955
99077240
99074521
99071798
99069071
99066340
99063605
99060866
99058123
99055376
99052625
99049870
99047111
99044348
99041581
99038810
99036035
99033256
99030473
99027686
99024895
99022100
99019301
99016498
99013691
99010880
99008065
99005246
99002423
98999596
98996765
98993930
98991091
98988248
98985401
98982550
98979695
98976836
98973973
98971106
98968235
98965360
98962481
98959598
98956711
98953820
98950925
98948026
98945123
98942216
98939305
98936390
98933471
98930548
98927621
98924690
98921755
98918816
98915873
98912926
98909975
98907020
98904061
98901098
98898131
98895160
98892185
98889206
98886223
98883236
98880245
98877250
98874251
98871248
98868241
98865230
98862215
98859196
98856173
98853146
98850115
98847080
98844041
98840998
98837951
98834900
98831845
98828786
98825723
98822656
98819585
98816510
98813431
98810348
98807261
98804170
98801075
98797976
98794873
98791766
98788655
98785540
98782421
98779298
98776171
98773040
98769905
98766766
98763623
98760476
98757325
98754170
98751011
98747848
98744681
98741510
98738335
98735156
98731973
98728786
98725595
98722400
98719201
98715998
98712791
98709580
98706365
98703146
98699923
98696696
98693465
98690230
98686991
98683748
98680501
98677250
98673995
98670736
98667473
98664206
98660935
98657660
98654381
98651098
98647811
98644520
98641225
98637926
98634623
98631316
98628005
98624690
98621371
98618048
98614721
98611390
98608055
98604716
98601373
98598026
98594675
98591320
98587961
98584598
98581231
98577860
98574485
98571106
98567723
98564336
98560945
98557550
98554151
98550748
98547341
98543930
98540515
98537096
98533673
98530246
98526815
98523380
98519941
98516498
98513051
98509600
98506145
98502686
98499223
98495756
98492285
98488810
98485331
98481848
98478361
98474870
98471375
98467876
98464373
98460866
98457355
98453840
98450321
98446798
98443271
98439740
98436205
98432666
98429123
98425576
98422025
98418470
98414911
98411348
98407781
98404210
98400635
98397056
98393473
98389886
98386295
98382700
98379101
98375498
98371891
98368280
98364665
98361046
98357423
98353796
98350165
98346530
98342891
98339248
98335601
98331950
98328295
98324636
98320973
98317306
98313635
98309960
98306281
98302598
98298911
98295220
98291525
98287826
98284123
98280416
98276705
98272990
98269271
98265548
98261821
98258090
98254355
98250616
98246873
98243126
98239375
98235620
98231861
98228098
98224331
98220560
98216785
98213006
98209223
98205436
98201645
98197850
98194051
98190248
98186441
98182630
98178815
98174996
98171173
98167346
98163515
98159680
98155841
98151998
98148151
98144300
98140445
98136586
98132723
98128856
98124985
98121110
98117231
98113348
98109461
98105570
98101675
98097776
98093873
98089966
98086055
98082140
98078221
98074298
98070371
98066440
98062505
98058566
98054623
98050676
98046725
98042770
98038811
98034848
98030881
98026910
98022935
98018956
98014973
98010986
98006995
98003000
97999001
97994998
97990991
97986980
97982965
97978946
97974923
97970896
97966865
97962830
97958791
97954748
97950701
97946650
97942595
97938536
97934473
97930406
97926335
97922260
97918181
97914098
97910011
97905920
97901825
97897726
97893623
97889516
97885405
97881290
97877171
97873048
97868921
97864790
97860655
97856516
97852373
97848226
97844075
97839920
97835761
97831598
97827431
97823260
97819085
97814906
97810723
97806536
97802345
97798150
97793951
97789748
97785541
97781330
97777115
97772896
97768673
97764446
97760215
97755980
97751741
97747498
97743251
97739000
97734745
97730486
97726223
97721956
97717685
97713410
97709131
97704848
97700561
97696270
97691975
97687676
97683373
97679066
97674755
97670440
97666121
97661798
97657471
97653140
97648805
97644466
97640123
97635776
97631425
97627070
97622711
97618348
97613981
97609610
97605235
97600856
97596473
97592086
97587695
97583300
97578901
97574498
97570091
97565680
97561265
97556846
97552423
97547996
97543565
97539130
97534691
97530248
97525801
97521350
97516895
97512436
97507973
97503506
97499035
97494560
97490081
97485598
97481111
97476620
97472125
97467626
97463123
97458616
97454105
97449590
97445071
97440548
97436021
97431490
97426955
97422416
97417873
97413326
97408775
97404220
97399661
97395098
97390531
97385960
97381385
97376806
97372223
97367636
97363045
97358450
97353851
97349248
97344641
97340030
97335415
97330796
97326173
97321546
97316915
97312280
97307641
97302998
97298351
97293700
97289045
97284386
97279723
97275056
97270385
97265710
97261031
97256348
97251661
97246970
97242275
97237576
97232873
97228166
97223455
97218740
97214021
97209298
97204571
97199840
97195105
97190366
97185623
97180876
97176125
97171370
97166611
97161848
97157081
97152310
97147535
97142756
97137973
97133186
97128395
97123600
97118801
97113998
97109191
97104380
97099565
97094746
97089923
97085096
97080265
97075430
97070591
97065748
97060901
97056050
97051195
97046336
97041473
97036606
97031735
97026860
97021981
97017098
97012211
97007320
97002425
96997526
96992623
96987716
96982805
96977890
96972971
96968048
96963121
96958190
96953255
96948316
96943373
96938426
96933475
96928520
96923561
96918598
96913631
96908660
96903685
96898706
96893723
96888736
96883745
96878750
96873751
96868748
96863741
96858730
96853715
96848696
96843673
96838646
96833615
96828580
96823541
96818498
96813451
96808400
96803345
96798286
96793223
96788156
96783085
96778010
96772931
96767848
96762761
96757670
96752575
96747476
96742373
96737266
96732155
96727040
96721921
96716798
96711671
96706540
96701405
96696266
96691123
96685976
96680825
96675670
96670511
96665348
96660181
96655010
96649835
96644656
96639473
96634286
96629095
96623900
96618701
96613498
96608291
96603080
96597865
96592646
96587423
96582196
96576965
96571730
96566491
96561248
96556001
96550750
96545495
96540236
96534973
96529706
96524435
96519160
96513881
96508598
96503311
96498020
96492725
96487426
96482123
96476816
96471505
96466190
96460871
96455548
96450221
96444890
96439555
96434216
96428873
96423526
96418175
96412820
96407461
96402098
96396731
96391360
96385985
96380606
96375223
96369836
96364445
96359050
96353651
96348248
96342841
96337430
96332015
96326596
96321173
96315746
96310315
96304880
96299441
96293998
96288551
96283100
96277645
96272186
96266723
96261256
96255785
96250310
96244831
96239348
96233861
96228370
96222875
96217376
96211873
96206366
96200855
96195340
96189821
96184298
96178771
96173240
96167705
96162166
96156623
96151076
96145525
96139970
96134411
96128848
96123281
96117710
96112135
96106556
96100973
96095386
96089795
96084200
96078601
96072998
96067391
96061780
96056165
96050546
96044923
96039296
96033665
96028030
96022391
96016748
96011101
96005450
95999795
95994136
95988473
95982806
95977135
95971460
95965781
95960098
95954411
95948720
95943025
95937326
95931623
95925916
95920205
95914490
95908771
95903048
95897321
95891590
95885855
95880116
95874373
95868626
95862875
95857120
95851361
95845598
95839831
95834060
95828285
95822506
95816723
95810936
95805145
95799350
95793551
95787748
95781941
95776130
95770315
95764496
95758673
95752846
95747015
95741180
95735341
95729498
95723651
95717800
95711945
95706086
95700223
95694356
95688485
95682610
95676731
95670848
95664961
95659070
95653175
95647276
95641373
95635466
95629555
95623640
95617721
95611798
95605871
95599940
95594005
95588066
95582123
95576176
95570225
95564270
95558311
95552348
95546381
95540410
95534435
95528456
95522473
95516486
95510495
95504500
95498501
95492498
95486491
95480480
95474465
95468446
95462423
95456396
95450365
95444330
95438291
95432248
95426201
95420150
95414095
95408036
95401973
95395906
95389835
95383760
95377681
95371598
95365511
95359420
95353325
95347226
95341123
95335016
95328905
95322790
95316671
95310548
95304421
95298290
95292155
95286016
95279873
95273726
95267575
95261420
95255261
95249098
95242931
95236760
95230585
95224406
95218223
95212036
95205845
95199650
95193451
95187248
95181041
95174830
95168615
95162396
95156173
95149946
95143715
95137480
95131241
95124998
95118751
95112500
95106245
95099986
95093723
95087456
95081185
95074910
95068631
95062348
95056061
95049770
95043475
95037176
95030873
95024566
95018255
95011940
95005621
94999298
94992971
94986640
94980305
94973966
94967623
94961276
94954925
94948570
94942211
94935848
94929481
94923110
94916735
94910356
94903973
94897586
94891195
94884800
94878401
94871998
94865591
94859180
94852765
94846346
94839923
94833496
94827065
94820630
94814191
94807748
94801301
94794850
94788395
94781936
94775473
94769006
94762535
94756060
94749581
94743098
94736611
94730120
94723625
94717126
94710623
94704116
94697605
94691090
94684571
94678048
94671521
94664990
94658455
94651916
94645373
94638826
94632275
94625720
94619161
94612598
94606031
94599460
94592885
94586306
94579723
94573136
94566545
94559950
94553351
94546748
94540141
94533530
94526915
94520296
94513673
94507046
94500415
94493780
94487141
94480498
94473851
94467200
94460545
94453886
94447223
94440556
94433885
94427210
94420531
94413848
94407161
94400470
94393775
94387076
94380373
94373666
94366955
94360240
94353521
94346798
94340071
94333340
94326605
94319866
94313123
94306376
94299625
94292870
94286111
94279348
94272581
94265810
94259035
94252256
94245473
94238686
94231895
94225100
94218301
94211498
94204691
94197880
94191065
94184246
94177423
94170596
94163765
94156930
94150091
94143248
94136401
94129550
94122695
94115836
94108973
94102106
94095235
94088360
94081481
94074598
94067711
94060820
94053925
94047026
94040123
94033216
94026305
94019390
94012471
94005548
93998621
93991690
93984755
93977816
93970873
93963926
93956975
93950020
93943061
93936098
93929131
93922160
93915185
93908206
93901223
93894236
93887245
93880250
93873251
93866248
93859241
93852230
93845215
93838196
93831173
93824146
93817115
93810080
93803041
93795998
93788951
93781900
93774845
93767786
93760723
93753656
93746585
93739510
93732431
93725348
93718261
93711170
93704075
93696976
93689873
93682766
93675655
93668540
93661421
93654298
93647171
93640040
93632905
93625766
93618623
93611476
93604325
93597170
93590011
93582848
93575681
93568510
93561335
93554156
93546973
93539786
93532595
93525400
93518201
93510998
93503791
93496580
93489365
93482146
93474923
93467696
93460465
93453230
93445991
93438748
93431501
93424250
93416995
93409736
93402473
93395206
93387935
93380660
93373381
93366098
93358811
93351520
93344225
93336926
93329623
93322316
93315005
93307690
93300371
93293048
93285721
93278390
93271055
93263716
93256373
93249026
93241675
93234320
93226961
93219598
93212231
93204860
93197485
93190106
93182723
93175336
93167945
93160550
93153151
93145748
93138341
93130930
93123515
93116096
93108673
93101246
93093815
93086380
93078941
93071498
93064051
93056600
93049145
93041686
93034223
93026756
93019285
93011810
93004331
92996848
92989361
92981870
92974375
92966876
92959373
92951866
92944355
92936840
92929321
92921798
92914271
92906740
92899205
92891666
92884123
92876576
92869025
92861470
92853911
92846348
92838781
92831210
92823635
92816056
92808473
92800886
92793295
92785700
92778101
92770498
92762891
92755280
92747665
92740046
92732423
92724796
92717165
92709530
92701891
92694248
92686601
92678950
92671295
92663636
92655973
92648306
92640635
92632960
92625281
92617598
92609911
92602220
92594525
92586826
92579123
92571416
92563705
92555990
92548271
92540548
92532821
92525090
92517355
92509616
92501873
92494126
92486375
92478620
92470861
92463098
92455331
92447560
92439785
92432006
92424223
92416436
92408645
92400850
92393051
92385248
92377441
92369630
92361815
92353996
92346173
92338346
92330515
92322680
92314841
92306998
92299151
92291300
92283445
92275586
92267723
92259856
92251985
92244110
92236231
92228348
92220461
92212570
92204675
92196776
92188873
92180966
92173055
92165140
92157221
92149298
92141371
92133440
92125505
92117566
92109623
92101676
92093725
92085770
92077811
92069848
92061881
92053910
92045935
92037956
92029973
92021986
92013995
92006000
91998001
91989998
91981991
91973980
91965965
91957946
91949923
91941896
91933865
91925830
91917791
91909748
91901701
91893650
91885595
91877536
91869473
91861406
91853335
91845260
91837181
91829098
91821011
91812920
91804825
91796726
91788623
91780516
91772405
91764290
91756171
91748048
91739921
91731790
91723655
91715516
91707373
91699226
91691075
91682920
91674761
91666598
91658431
91650260
91642085
91633906
91625723
91617536
91609345
91601150
91592951
91584748
91576541
91568330
91560115
91551896
91543673
91535446
91527215
91518980
91510741
91502498
91494251
91486000
91477745
91469486
91461223
91452956
91444685
91436410
91428131
91419848
91411561
91403270
91394975
91386676
91378373
91370066
91361755
91353440
91345121
91336798
91328471
91320140
91311805
91303466
91295123
91286776
91278425
91270070
91261711
91253348
91244981
91236610
91228235
91219856
91211473
91203086
91194695
91186300
91177901
91169498
91161091
91152680
91144265
91135846
91127423
91118996
91110565
91102130
91093691
91085248
91076801
91068350
91059895
91051436
91042973
91034506
91026035
91017560
91009081
91000598
90992111
90983620
90975125
90966626
90958123
90949616
90941105
90932590
90924071
90915548
90907021
90898490
90889955
90881416
90872873
90864326
90855775
90847220
90838661
90830098
90821531
90812960
90804385
90795806
90787223
90778636
90770045
90761450
90752851
90744248
90735641
90727030
90718415
90709796
90701173
90692546
90683915
90675280
90666641
90657998
90649351
90640700
90632045
90623386
90614723
90606056
90597385
90588710
90580031
90571348
90562661
90553970
90545275
90536576
90527873
90519166
90510455
90501740
90493021
90484298
90475571
90466840
90458105
90449366
90440623
90431876
90423125
90414370
90405611
90396848
90388081
90379310
90370535
90361756
90352973
90344186
90335395
90326600
90317801
90308998
90300191
90291380
90282565
90273746
90264923
90256096
90247265
90238430
90229591
90220748
90211901
90203050
90194195
90185336
90176473
90167606
90158735
90149860
90140981
90132098
90123211
90114320
90105425
90096526
90087623
90078716
90069805
90060890
90051971
90043048
90034121
90025190
90016255
90007316
89998373
89989426
89980475
89971520
89962561
89953598
89944631
89935660
89926685
89917706
89908723
89899736
89890745
89881750
89872751
89863748
89854741
89845730
89836715
89827696
89818673
89809646
89800615
89791580
89782541
89773498
89764451
89755400
89746345
89737286
89728223
89719156
89710085
89701010
89691931
89682848
89673761
89664670
89655575
89646476
89637373
89628266
89619155
89610040
89600921
89591798
89582671
89573540
89564405
89555266
89546123
89536976
89527825
89518670
89509511
89500348
89491181
89482010
89472835
89463656
89454473
89445286
89436095
89426900
89417701
89408498
89399291
89390080
89380865
89371646
89362423
89353196
89343965
89334730
89325491
89316248
89307001
89297750
89288495
89279236
89269973
89260706
89251435
89242160
89232881
89223598
89214311
89205020
89195725
89186426
89177123
89167816
89158505
89149190
89139871
89130548
89121221
89111890
89102555
89093216
89083873
89074526
89065175
89055820
89046461
89037098
89027731
89018360
89008985
88999606
88990223
88980836
88971445
88962050
88952651
88943248
88933841
88924430
88915015
88905596
88896173
88886746
88877315
88867880
88858441
88848998
88839551
88830100
88820645
88811186
88801723
88792256
88782785
88773310
88763831
88754348
88744861
88735370
88725875
88716376
88706873
88697366
88687855
88678340
88668821
88659298
88649771
88640240
88630705
88621166
88611623
88602076
88592525
88582970
88573411
88563848
88554281
88544710
88535135
88525556
88515973
88506386
88496795
88487200
88477601
88467998
88458391
88448780
88439165
88429546
88419923
88410296
88400665
88391030
88381391
88371748
88362101
88352450
88342795
88333136
88323473
88313806
88304135
88294460
88284781
88275098
88265411
88255720
88246025
88236326
88226623
88216916
88207205
88197490
88187771
88178048
88168321
88158590
88148855
88139116
88129373
88119626
88109875
88100120
88090361
88080598
88070831
88061060
88051285
88041506
88031723
88021936
88012145
88002350
87992551
87982748
87972941
87963130
87953315
87943496
87933673
87923846
87914015
87904180
87894341
87884498
87874651
87864800
87854945
87845086
87835223
87825356
87815485
87805610
87795731
87785848
87775961
87766070
87756175
87746276
87736373
87726466
87716555
87706640
87696721
87686798
87676871
87666940
87657005
87647066
87637123
87627176
87617225
87607270
87597311
87587348
87577381
87567410
87557435
87547456
87537473
87527486
87517495
87507500
87497501
87487498
87477491
87467480
87457465
87447446
87437423
87427396
87417365
87407330
87397291
87387248
87377201
87367150
87357095
87347036
87336973
87326906
87316835
87306760
87296681
87286598
87276511
87266420
87256325
87246226
87236123
87226016
87215905
87205790
87195671
87185548
87175421
87165290
87155155
87145016
87134873
87124726
87114575
87104420
87094261
87084098
87073931
87063760
87053585
87043406
87033223
87023036
87012845
87002650
86992451
86982248
86972041
86961830
86951615
86941396
86931173
86920946
86910715
86900480
86890241
86879998
86869751
86859500
86849245
86838986
86828723
86818456
86808185
86797910
86787631
86777348
86767061
86756770
86746475
86736176
86725873
86715566
86705255
86694940
86684621
86674298
86663971
86653640
86643305
86632966
86622623
86612276
86601925
86591570
86581211
86570848
86560481
86550110
86539735
86529356
86518973
86508586
86498195
86487800
86477401
86466998
86456591
86446180
86435765
86425346
86414923
86404496
86394065
86383630
86373191
86362748
86352301
86341850
86331395
86320936
86310473
86300006
86289535
86279060
86268581
86258098
86247611
86237120
86226625
86216126
86205623
86195116
86184605
86174090
86163571
86153048
86142521
86131990
86121455
86110916
86100373
86089826
86079275
86068720
86058161
86047598
86037031
86026460
86015885
86005306
85994723
85984136
85973545
85962950
85952351
85941748
85931141
85920530
85909915
85899296
85888673
85878046
85867415
85856780
85846141
85835498
85824851
85814200
85803545
85792886
85782223
85771556
85760885
85750210
85739531
85728848
85718161
85707470
85696775
85686076
85675373
85664666
85653955
85643240
85632521
85621798
85611071
85600340
85589605
85578866
85568123
85557376
85546625
85535870
85525111
85514348
85503581
85492810
85482035
85471256
85460473
85449686
85438895
85428100
85417301
85406498
85395691
85384880
85374065
85363246
85352423
85341596
85330765
85319930
85309091
85298248
85287401
85276550
85265695
85254836
85243973
85233106
85222235
85211360
85200481
85189598
85178711
85167820
85156925
85146026
85135123
85124216
85113305
85102390
85091471
85080548
85069621
85058690
85047755
85036816
85025873
85014926
85003975
84993020
84982061
84971098
84960131
84949160
84938185
84927206
84916223
84905236
84894245
84883250
84872251
84861248
84850241
84839230
84828215
84817196
84806173
84795146
84784115
84773080
84762041
84750998
84739951
84728900
84717845
84706786
84695723
84684656
84673585
84662510
84651431
84640348
84629261
84618170
84607075
84595976
84584873
84573766
84562655
84551540
84540421
84529298
84518171
84507040
84495905
84484766
84473623
84462476
84451325
84440170
84429011
84417848
84406681
84395510
84384335
84373156
84361973
84350786
84339595
84328400
84317201
84305998
84294791
84283580
84272365
84261146
84249923
84238696
84227465
84216230
84204991
84193748
84182501
84171250
84159995
84148736
84137473
84126206
84114935
84103660
84092381
84081098
84069811
84058520
84047225
84035926
84024623
84013316
84002005
83990690
83979371
83968048
83956721
83945390
83934055
83922716
83911373
83900026
83888675
83877320
83865961
83854598
83843231
83831860
83820485
83809106
83797723
83786336
83774945
83763550
83752151
83740748
83729341
83717930
83706515
83695096
83683673
83672246
83660815
83649380
83637941
83626498
83615051
83603600
83592145
83580686
83569223
83557756
83546285
83534810
83523331
83511848
83500361
83488870
83477375
83465876
83454373
83442866
83431355
83419840
83408321
83396798
83385271
83373740
83362205
83350666
83339123
83327576
83316025
83304470
83292911
83281348
83269781
83258210
83246635
83235056
83223473
83211886
83200295
83188700
83177101
83165498
83153891
83142280
83130665
83119046
83107423
83095796
83084165
83072530
83060891
83049248
83037601
83025950
83014295
83002636
82990973
82979306
82967635
82955960
82944281
82932598
82920911
82909220
82897525
82885826
82874123
82862416
82850705
82838990
82827271
82815548
82803821
82792090
82780355
82768616
82756873
82745126
82733375
82721620
82709861
82698098
82686331
82674560
82662785
82651006
82639223
82627436
82615645
82603850
82592051
82580248
82568441
82556630
82544815
82532996
82521173
82509346
82497515
82485680
82473841
82461998
82450151
82438300
82426445
82414586
82402723
82390856
82378985
82367110
82355231
82343348
82331461
82319570
82307675
82295776
82283873
82271966
82260055
82248140
82236221
82224298
82212371
82200440
82188505
82176566
82164623
82152676
82140725
82128770
82116811
82104848
82092881
82080910
82068935
82056956
82044973
82032986
82020995
82009000
81997001
81984998
81972991
81960980
81948965
81936946
81924923
81912896
81900865
81888830
81876791
81864748
81852701
81840650
81828595
81816536
81804473
81792406
81780335
81768260
81756181
81744098
81732011
81719920
81707825
81695726
81683623
81671516
81659405
81647290
81635171
81623048
81610921
81598790
81586655
81574516
81562373
81550226
81538075
81525920
81513761
81501598
81489431
81477260
81465085
81452906
81440723
81428536
81416345
81404150
81391951
81379748
81367541
81355330
81343115
81330896
81318673
81306446
81294215
81281980
81269741
81257498
81245251
81233000
81220745
81208486
81196223
81183956
81171685
81159410
81147131
81134848
81122561
81110270
81097975
81085676
81073373
81061066
81048755
81036440
81024121
81011798
80999471
80987140
80974805
80962466
80950123
80937776
80925425
80913070
80900711
80888348
80875981
80863610
80851235
80838856
80826473
80814086
80801695
80789300
80776901
80764498
80752091
80739680
80727265
80714846
80702423
80689996
80677565
80665130
80652691
80640248
80627801
80615350
80602895
80590436
80577973
80565506
80553035
80540560
80528081
80515598
80503111
80490620
80478125
80465626
80453123
80440616
80428105
80415590
80403071
80390548
80378021
80365490
80352955
80340416
80327873
80315326
80302775
80290220
80277661
80265098
80252531
80239960
80227385
80214806
80202223
80189636
80177045
80164450
80151851
80139248
80126641
80114030
80101415
80088796
80076173
80063546
80050915
80038280
80025641
80012998
80000351
79987700
79975045
79962386
79949723
79937056
79924385
79911710
79899031
79886348
79873661
79860970
79848275
79835576
79822873
79810166
79797455
79784740
79772021
79759298
79746571
79733840
79721105
79708366
79695623
79682876
79670125
79657370
79644611
79631848
79619081
79606310
79593535
79580756
79567973
79555186
79542395
79529600
79516801
79503998
79491191
79478380
79465565
79452746
79439923
79427096
79414265
79401430
79388591
79375748
79362901
79350050
79337195
79324336
79311473
79298606
79285735
79272860
79259981
79247098
79234211
79221320
79208425
79195526
79182623
79169716
79156805
79143890
79130971
79118048
79105121
79092190
79079255
79066316
79053373
79040426
79027475
79014520
79001561
78988598
78975631
78962660
78949685
78936706
78923723
78910736
78897745
78884750
78871751
78858748
78845741
78832730
78819715
78806696
78793673
78780646
78767615
78754580
78741541
78728498
78715451
78702400
78689345
78676286
78663223
78650156
78637085
78624010
78610931
78597848
78584761
78571670
78558575
78545476
78532373
78519266
78506155
78493040
78479921
78466798
78453671
78440540
78427405
78414266
78401123
78387976
78374825
78361670
78348511
78335348
78322181
78309010
78295835
78282656
78269473
78256286
78243095
78229900
78216701
78203498
78190291
78177080
78163865
78150646
78137423
78124196
78110965
78097730
78084491
78071248
78058001
78044750
78031495
78018236
78004973
77991706
77978435
77965160
77951881
77938598
77925311
77912020
77898725
77885426
77872123
77858816
77845505
77832190
77818871
77805548
77792221
77778890
77765555
77752216
77738873
77725526
77712175
77698820
77685461
77672098
77658731
77645360
77631985
77618606
77605223
77591836
77578445
77565050
77551651
77538248
77524841
77511430
77498015
77484596
77471173
77457746
77444315
77430880
77417441
77403998
77390551
77377100
77363645
77350186
77336723
77323256
77309785
77296310
77282831
77269348
77255861
77242370
77228875
77215376
77201873
77188366
77174855
77161340
77147821
77134298
77120771
77107240
77093705
77080166
77066623
77053076
77039525
77025970
77012411
76998848
76985281
76971710
76958135
76944556
76930973
76917386
76903795
76890200
76876601
76862998
76849391
76835780
76822165
76808546
76794923
76781296
76767665
76754030
76740391
76726748
76713101
76699450
76685795
76672136
76658473
76644806
76631135
76617460
76603781
76590098
76576411
76562720
76549025
76535326
76521623
76507916
76494205
76480490
76466771
76453048
76439321
76425590
76411855
76398116
76384373
76370626
76356875
76343120
76329361
76315598
76301831
76288060
76274285
76260506
76246723
76232936
76219145
76205350
76191551
76177748
76163941
76150130
76136315
76122496
76108673
76094846
76081015
76067180
76053341
76039498
76025651
76011800
75997945
75984086
75970223
75956356
75942485
75928610
75914731
75900848
75886961
75873070
75859175
75845276
75831373
75817466
75803555
75789640
75775721
75761798
75747871
75733940
75720005
75706066
75692123
75678176
75664225
75650270
75636311
75622348
75608381
75594410
75580435
75566456
75552473
75538486
75524495
75510500
75496501
75482498
75468491
75454480
75440465
75426446
75412423
75398396
75384365
75370330
75356291
75342248
75328201
75314150
75300095
75286036
75271973
75257906
75243835
75229760
75215681
75201598
75187511
75173420
75159325
75145226
75131123
75117016
75102905
75088790
75074671
75060548
75046421
75032290
75018155
75004016
74989873
74975726
74961575
74947420
74933261
74919098
74904931
74890760
74876585
74862406
74848223
74834036
74819845
74805650
74791451
74777248
74763041
74748830
74734615
74720396
74706173
74691946
74677715
74663480
74649241
74634998
74620751
74606500
74592245
74577986
74563723
74549456
74535185
74520910
74506631
74492348
74478061
74463770
74449475
74435176
74420873
74406566
74392255
74377940
74363621
74349298
74334971
74320640
74306305
74291966
74277623
74263276
74248925
74234570
74220211
74205848
74191481
74177110
74162735
74148356
74133973
74119586
74105195
74090800
74076401
74061998
74047591
74033180
74018765
74004346
73989923
73975496
73961065
73946630
73932191
73917748
73903301
73888850
73874395
73859936
73845473
73831006
73816535
73802060
73787581
73773098
73758611
73744120
73729625
73715126
73700623
73686116
73671605
73657090
73642571
73628048
73613521
73598990
73584455
73569916
73555373
73540826
73526275
73511720
73497161
73482598
73468031
73453460
73438885
73424306
73409723
73395136
73380545
73365950
73351351
73336748
73322141
73307530
73292915
73278296
73263673
73249046
73234415
73219780
73205141
73190498
73175851
73161200
73146545
73131886
73117223
73102556
73087885
73073210
73058531
73043848
73029161
73014470
72999775
72985076
72970373
72955666
72940955
72926240
72911521
72896798
72882071
72867340
72852605
72837866
72823123
72808376
72793625
72778870
72764111
72749348
72734581
72719810
72705035
72690256
72675473
72660686
72645895
72631100
72616301
72601498
72586691
72571880
72557065
72542246
72527423
72512596
72497765
72482930
72468091
72453248
72438401
72423550
72408695
72393836
72378973
72364106
72349235
72334360
72319481
72304598
72289711
72274820
72259925
72245026
72230123
72215216
72200305
72185390
72170471
72155548
72140621
72125690
72110755
72095816
72080873
72065926
72050975
72036020
72021061
72006098
71991131
71976160
71961185
71946206
71931223
71916236
71901245
71886250
71871251
71856248
71841241
71826230
71811215
71796196
71781173
71766146
71751115
71736080
71721041
71705998
71690951
71675900
71660845
71645786
71630723
71615656
71600585
71585510
71570431
71555348
71540261
71525170
71510075
71494976
71479873
71464766
71449655
71434540
71419421
71404298
71389171
71374040
71358905
71343766
71328623
71313476
71298325
71283170
71268011
71252848
71237681
71222510
71207335
71192156
71176973
71161786
71146595
71131400
71116201
71100998
71085791
71070580
71055365
71040146
71024923
71009696
70994465
70979230
70963991
70948748
70933501
70918250
70902995
70887736
70872473
70857206
70841935
70826660
70811381
70796098
70780811
70765520
70750225
70734926
70719623
70704316
70689005
70673690
70658371
70643048
70627721
70612390
70597055
70581716
70566373
70551026
70535675
70520320
70504961
70489598
70474231
70458860
70443485
70428106
70412723
70397336
70381945
70366550
70351151
70335748
70320341
70304930
70289515
70274096
70258673
70243246
70227815
70212380
70196941
70181498
70166051
70150600
70135145
70119686
70104223
70088756
70073285
70057810
70042331
70026848
70011361
69995870
69980375
69964876
69949373
69933866
69918355
69902840
69887321
69871798
69856271
69840740
69825205
69809666
69794123
69778576
69763025
69747470
69731911
69716348
69700781
69685210
69669635
69654056
69638473
69622886
69607295
69591700
69576101
69560498
69544891
69529280
69513665
69498046
69482423
69466796
69451165
69435530
69419891
69404248
69388601
69372950
69357295
69341636
69325973
69310306
69294635
69278960
69263281
69247598
69231911
69216220
69200525
69184826
69169123
69153416
69137705
69121990
69106271
69090548
69074821
69059090
69043355
69027616
69011873
68996126
68980375
68964620
68948861
68933098
68917331
68901560
68885785
68870006
68854223
68838436
68822645
68806850
68791051
68775248
68759441
68743630
68727815
68711996
68696173
68680346
68664515
68648680
68632841
68616998
68601151
68585300
68569445
68553586
68537723
68521856
68505985
68490110
68474231
68458348
68442461
68426570
68410675
68394776
68378873
68362966
68347055
68331140
68315221
68299298
68283371
68267440
68251505
68235566
68219623
68203676
68187725
68171770
68155811
68139848
68123881
68107910
68091935
68075956
68059973
68043986
68027995
68012000
67996001
67979998
67963991
67947980
67931965
67915946
67899923
67883896
67867865
67851830
67835791
67819748
67803701
67787650
67771595
67755536
67739473
67723406
67707335
67691260
67675181
67659098
67643011
67626920
67610825
67594726
67578623
67562516
67546405
67530290
67514171
67498048
67481921
67465790
67449655
67433516
67417373
67401226
67385075
67368920
67352761
67336598
67320431
67304260
67288085
67271906
67255723
67239536
67223345
67207150
67190951
67174748
67158541
67142330
67126115
67109896
67093673
67077446
67061215
67044980
67028741
67012498
66996251
66980000
66963745
66947486
66931223
66914956
66898685
66882410
66866131
66849848
66833561
66817270
66800975
66784676
66768373
66752066
66735755
66719440
66703121
66686798
66670471
66654140
66637805
66621466
66605123
66588776
66572425
66556070
66539711
66523348
66506981
66490610
66474235
66457856
66441473
66425086
66408695
66392300
66375901
66359498
66343091
66326680
66310265
66293846
66277423
66260996
66244565
66228130
66211691
66195248
66178801
66162350
66145895
66129436
66112973
66096506
66080035
66063560
66047081
66030598
66014111
65997620
65981125
65964626
65948123
65931616
65915105
65898590
65882071
65865548
65849021
65832490
65815955
65799416
65782873
65766326
65749775
65733220
65716661
65700098
65683531
65666960
65650385
65633806
65617223
65600636
65584045
65567450
65550851
65534248
65517641
65501030
65484415
65467796
65451173
65434546
65417915
65401280
65384641
65367998
65351351
65334700
65318045
65301386
65284723
65268056
65251385
65234710
65218031
65201348
65184661
65167970
65151275
65134576
65117873
65101166
65084455
65067740
65051021
65034298
65017571
65000840
64984105
64967366
64950623
64933876
64917125
64900370
64883611
64866848
64850081
64833310
64816535
64799756
64782973
64766186
64749395
64732600
64715801
64698998
64682191
64665380
64648565
64631746
64614923
64598096
64581265
64564430
64547591
64530748
64513901
64497050
64480195
64463336
64446473
64429606
64412735
64395860
64378981
64362098
64345211
64328320
64311425
64294526
64277623
64260716
64243805
64226890
64209971
64193048
64176121
64159190
64142255
64125316
64108373
64091426
64074475
64057520
64040561
64023598
64006631
63989660
63972685
63955706
63938723
63921736
63904745
63887750
63870751
63853748
63836741
63819730
63802715
63785696
63768673
63751646
63734615
63717580
63700541
63683498
63666451
63649400
63632345
63615286
63598223
63581156
63564085
63547010
63529931
63512848
63495761
63478670
63461575
63444476
63427373
63410266
63393155
63376040
63358921
63341798
63324671
63307540
63290405
63273266
63256123
63238976
63221825
63204670
63187511
63170348
63153181
63136010
63118835
63101656
63084473
63067286
63050095
63032900
63015701
62998498
62981291
62964080
62946865
62929646
62912423
62895196
62877965
62860730
62843491
62826248
62809001
62791750
62774495
62757236
62739973
62722706
62705435
62688160
62670881
62653598
62636311
62619020
62601725
62584426
62567123
62549816
62532505
62515190
62497871
62480548
62463221
62445890
62428555
62411216
62393873
62376526
62359175
62341820
62324461
62307098
62289731
62272360
62254985
62237606
62220223
62202836
62185445
62168050
62150651
62133248
62115841
62098430
62081015
62063596
62046173
62028746
62011315
61993880
61976441
61958998
61941551
61924100
61906645
61889186
61871723
61854256
61836785
61819310
61801831
61784348
61766861
61749370
61731875
61714376
61696873
61679366
61661855
61644340
61626821
61609298
61591771
61574240
61556705
61539166
61521623
61504076
61486525
61468970
61451411
61433848
61416281
61398710
61381135
61363556
61345973
61328386
61310795
61293200
61275601
61257998
61240391
61222780
61205165
61187546
61169923
61152296
61134665
61117030
61099391
61081748
61064101
61046450
61028795
61011136
60993473
60975806
60958135
60940460
60922781
60905098
60887411
60869720
60852025
60834326
60816623
60798916
60781205
60763490
60745771
60728048
60710321
60692590
60674855
60657116
60639373
60621626
60603875
60586120
60568361
60550598
60532831
60515060
60497285
60479506
60461723
60443936
60426145
60408350
60390551
60372748
60354941
60337130
60319315
60301496
60283673
60265846
60248015
60230180
60212341
60194498
60176651
60158800
60140945
60123086
60105223
60087356
60069485
60051610
60033731
60015848
59997961
59980070
59962175
59944276
59926373
59908466
59890555
59872640
59854721
59836798
59818871
59800940
59783005
59765066
59747123
59729176
59711225
59693270
59675311
59657348
59639381
59621410
59603435
59585456
59567473
59549486
59531495
59513500
59495501
59477498
59459491
59441480
59423465
59405446
59387423
59369396
59351365
59333330
59315291
59297248
59279201
59261150
59243095
59225036
59206973
59188906
59170835
59152760
59134681
59116598
59098511
59080420
59062325
59044226
59026123
59008016
58989905
58971790
58953671
58935548
58917421
58899290
58881155
58863016
58844873
58826726
58808575
58790420
58772261
58754098
58735931
58717760
58699585
58681406
58663223
58645036
58626845
58608650
58590451
58572248
58554041
58535830
58517615
58499396
58481173
58462946
58444715
58426480
58408241
58389998
58371751
58353500
58335245
58316986
58298723
58280456
58262185
58243910
58225631
58207348
58189061
58170770
58152475
58134176
58115873
58097566
58079255
58060940
58042621
58024298
58005971
57987640
57969305
57950966
57932623
57914276
57895925
57877570
57859211
57840848
57822481
57804110
57785735
57767356
57748973
57730586
57712195
57693800
57675401
57656998
57638591
57620180
57601765
57583346
57564923
57546496
57528065
57509630
57491191
57472748
57454301
57435850
57417395
57398936
57380473
57362006
57343535
57325060
57306581
57288098
57269611
57251120
57232625
57214126
57195623
57177116
57158605
57140090
57121571
57103048
57084521
57065990
57047455
57028916
57010373
56991826
56973275
56954720
56936161
56917598
56899031
56880460
56861885
56843306
56824723
56806136
56787545
56768950
56750351
56731748
56713141
56694530
56675915
56657296
56638673
56620046
56601415
56582780
56564141
56545498
56526851
56508200
56489545
56470886
56452223
56433556
56414885
56396210
56377531
56358848
56340161
56321470
56302775
56284076
56265373
56246666
56227955
56209240
56190521
56171798
56153071
56134340
56115605
56096866
56078123
56059376
56040625
56021870
56003111
55984348
55965581
55946810
55928035
55909256
55890473
55871686
55852895
55834100
55815301
55796498
55777691
55758880
55740065
55721246
55702423
55683596
55664765
55645930
55627091
55608248
55589401
55570550
55551695
55532836
55513973
55495106
55476235
55457360
55438481
55419598
55400711
55381820
55362925
55344026
55325123
55306216
55287305
55268390
55249471
55230548
55211621
55192690
55173755
55154816
55135873
55116926
55097975
55079020
55060061
55041098
55022131
55003160
54984185
54965206
54946223
54927236
54908245
54889250
54870251
54851248
54832241
54813230
54794215
54775196
54756173
54737146
54718115
54699080
54680041
54660998
54641951
54622900
54603845
54584786
54565723
54546656
54527585
54508510
54489431
54470348
54451261
54432170
54413075
54393976
54374873
54355766
54336655
54317540
54298421
54279298
54260171
54241040
54221905
54202766
54183623
54164476
54145325
54126170
54107011
54087848
54068681
54049510
54030335
54011156
53991973
53972786
53953595
53934400
53915201
53895998
53876791
53857580
53838365
53819146
53799923
53780696
53761465
53742230
53722991
53703748
53684501
53665250
53645995
53626736
53607473
53588206
53568935
53549660
53530381
53511098
53491811
53472520
53453225
53433926
53414623
53395316
53376005
53356690
53337371
53318048
53298721
53279390
53260055
53240716
53221373
53202026
53182675
53163320
53143961
53124598
53105231
53085860
53066485
53047106
53027723
53008336
52988945
52969550
52950151
52930748
52911341
52891930
52872515
52853096
52833673
52814246
52794815
52775380
52755941
52736498
52717051
52697600
52678145
52658686
52639223
52619756
52600285
52580810
52561331
52541848
52522361
52502870
52483375
52463876
52444373
52424866
52405355
52385840
52366321
52346798
52327271
52307740
52288205
52268666
52249123
52229576
52210025
52190470
52170911
52151348
52131781
52112210
52092635
52073056
52053473
52033886
52014295
51994700
51975101
51955498
51935891
51916280
51896665
51877046
51857423
51837796
51818165
51798530
51778891
51759248
51739601
51719950
51700295
51680636
51660973
51641306
51621635
51601960
51582281
51562598
51542911
51523220
51503525
51483826
51464123
51444416
51424705
51404990
51385271
51365548
51345821
51326090
51306355
51286616
51266873
51247126
51227375
51207620
51187861
51168098
51148331
51128560
51108785
51089006
51069223
51049436
51029645
51009850
50990051
50970248
50950441
50930630
50910815
50890996
50871173
50851346
50831515
50811680
50791841
50771998
50752151
50732300
50712445
50692586
50672723
50652856
50632985
50613110
50593231
50573348
50553461
50533570
50513675
50493776
50473873
50453966
50434055
50414140
50394221
50374298
50354371
50334440
50314505
50294566
50274623
50254676
50234725
50214770
50194811
50174848
50154881
50134910
50114935
50094956
50074973
50054986
50034995
50015000
100000000
