5000 4999
0
28281442
39991999
48975095
56545910
63213922
69240450
74780746
79935974
84776411
89353231
93705069
97861943
101847729
105681786
109380071
112955920
116420616
119783805
123053809
126237870
129342336
132372806
135334252
138231110
141067359
143846584
146572030
149246641
151873104
154453876
156991209
159487178
161943693
164362526
166745314
169093583
171408751
173692141
175944991
178168459
180363632
182531531
184673116
186789293
188880914
190948788
192993678
195016307
197017359
198997487
200957308
202897412
204818358
206720681
208604889
210471470
212320889
214153589
215969997
217770521
219555551
221325461
223080613
224821351
226548008
228260903
229960344
231646627
233320037
234980850
236629330
238265734
239890308
241503291
243104915
244695402
246274968
247843821
249402165
250950194
252488098
254016062
255534263
257042875
258542066
260031998
261512829
262984714
264447802
265902237
267348162
268785713
270215025
271636227
273049446
274454805
275852424
277242420
278624909
280000000
281367801
282728420
284081960
285428519
286768199
288101093
289427296
290746900
292059993
293366664
294666998
295961078
297248986
298530802
299806604
301076468
302340470
303598682
304851176
306098023
307339291
308575047
309805358
311030287
312249899
313464256
314673418
315877444
317076394
318270325
319459293
320643353
321822559
322996965
324166623
325331584
326491898
327647615
328798783
329945450
331087662
332225465
333358905
334488026
335612872
336733485
337849907
338962180
340070345
341174442
342274509
343370586
344462712
345550922
346635254
347715745
348792431
349865345
350934523
352000000
353061807
354119979
355174548
356225546
357273004
358316954
359357426
360394450
361428056
362458273
363485130
364508655
365528877
366545822
367559518
368569993
369577272
370581381
371582346
372580192
373574945
374566629
375555268
376540887
377523509
378503157
379479854
380453623
381424487
382392468
383357587
384319866
385279327
386235990
387189875
388141005
389089398
390035075
390978055
391918358
392856004
393791010
394723396
395653181
396580382
397505018
398427107
399346666
400263713
401178264
402090338
402999950
403907118
404811857
405714185
406614116
407511668
408406855
409299694
410190199
411078386
411964270
412847865
413729186
414608248
415485065
416359652
417232021
418102188
418970166
419835967
420699607
421561098
422420454
423277686
424132809
424985835
425836776
426685645
427532454
428377216
429219943
430060646
430899338
431736030
432570734
433403460
434234222
435063029
435889894
436714826
437537838
438358939
439178141
439995454
440810889
441624455
442436164
443246026
444054050
444860247
445664627
446467199
447267973
448066959
448864166
449659604
450453282
451245210
452035396
452823850
453610581
454395598
455178909
455960524
456740451
457518699
458295275
459070190
459843451
460615067
461385045
462153394
462920122
463685238
464448748
465210661
465970986
466729729
467486898
468242501
468996545
469749039
470499989
471249403
471997288
472743651
473488500
474231842
474973683
475714031
476452893
477190276
477926186
478660631
479393616
480125150
480855238
481583886
482311102
483036893
483761263
484484220
485205770
485925920
486644675
487362042
488078026
488792634
489505873
490217747
490928263
491637427
492345244
493051721
493756863
494460675
495163165
495864336
496564195
497262747
497959998
498655953
499350618
500043998
500736098
501426923
502116480
502804773
503491807
504177587
504862119
505545408
506227458
506908275
507587864
508266229
508943376
509619308
510294032
510967552
511639873
512310999
512980935
513649686
514317256
514983650
515648872
516312928
516975821
517637556
518298138
518957570
519615858
520273005
520929016
521583895
522237647
522890275
523541784
524192178
524841461
525489638
526136712
526782687
527427568
528071358
528714062
529355683
529996226
530635694
531274091
531911421
532547688
533182895
533817047
534450147
535082199
535713206
536343173
536972103
537600000
538226866
538852707
539477525
540101323
540724107
541345878
541966641
542586398
543205154
543822912
544439675
545055446
545670230
546284028
546896845
547508684
548119549
548729441
549338365
549946324
550553321
551159359
551764442
552368572
552971753
553573987
554175279
554775630
555375044
555973524
556571073
557167694
557763390
558358164
558952019
559544957
560136983
560728098
561318305
561907608
562496008
563083510
563670116
564255828
564840650
565424583
566007632
566589798
567171085
567751494
568331030
568909694
569487488
570064417
570640482
571215686
571790031
572363520
572936157
573507942
574078879
574648971
575218219
575786627
576354196
576920930
577486831
578051900
578616142
579179557
579742149
580303920
580864872
581425008
581984329
582542839
583100540
583657433
584213522
584768809
585323295
585876983
586429876
586981975
587533284
588083803
588633536
589182484
589730650
590278036
590824644
591370476
591915534
592459821
593003338
593546089
594088074
594629296
595169757
595709459
596248404
596786595
597324032
597860719
598396657
598931849
599466295
599999999
600532963
601065187
601596675
602127428
602657448
603186737
603715297
604243129
604770237
605296621
605822284
606347227
606871452
607394962
607917757
608439840
608961213
609481878
610001836
610521088
611039638
611557487
612074635
612591087
613106842
613621903
614136271
614649949
615162937
615675239
616186854
616697786
617208036
617717605
618226495
618734708
619242246
619749110
620255302
620760823
621265675
621769860
622273380
622776235
623278428
623779961
624280834
624781049
625280609
625779513
626277765
626775366
627272317
627768619
628264275
628759286
629253653
629747377
630240462
630732907
631224714
631715885
632206421
632696325
633185596
633674238
634162250
634649635
635136394
635622529
636108041
636592931
637077200
637560851
638043885
638526303
639008106
639489296
639969874
640449841
640929200
641407951
641886095
642363635
642840571
643316904
643792637
644267770
644742305
645216242
645689584
646162332
646634487
647106050
647577022
648047405
648517201
648986409
649455033
649923072
650390528
650857403
651323698
651789413
652254551
652719112
653183098
653646509
654109348
654571615
655033312
655494439
655954998
656414990
656874417
657333279
657791577
658249314
658706490
659163105
659619162
660074662
660529605
660983993
661437827
661891108
662343838
662796016
663247646
663698726
664149260
664599247
665048689
665497588
665945943
666393757
666841030
667287764
667733958
668179616
668624737
669069323
669513375
669956894
670399880
670842336
671284261
671725658
672166526
672606868
673046684
673485976
673924743
674362988
674800711
675237913
675674596
676110760
676546406
676981535
677416149
677850248
678283834
678716907
679149468
679581518
680013058
680444090
680874614
681304630
681734141
682163147
682591649
683019648
683447144
683874140
684300635
684726631
685152129
685577129
686001632
686425640
686849153
687272173
687694699
688116734
688538277
688959331
689379895
689799971
690219559
690638660
691057276
691475408
691893055
692310219
692726901
693143102
693558822
693974062
694388824
694803108
695216915
695630246
696043102
696455483
696867390
697278825
697689787
698100279
698510300
698919852
699328935
699737550
700145699
700553381
700960598
701367350
701773638
702179464
702584827
702989729
703394171
703798152
704201675
704604740
705007347
705409498
705811192
706212432
706613218
707013550
707413429
707812856
708211832
708610358
709008434
709406061
709803240
710199971
710596256
710992095
711387489
711782438
712176944
712571006
712964627
713357806
713750544
714142842
714534701
714926122
715317104
715707649
716097758
716487431
716876670
717265473
717653844
718041781
718429286
718816360
719203003
719589216
719974999
720360354
720745280
721129780
721513852
721897499
722280721
722663517
723045890
723427840
723809367
724190472
724571155
724951419
725331262
725710686
726089691
726468278
726846448
727224202
727601539
727978461
728354968
728731061
729106741
729482008
729856862
730231305
730605338
730978960
731352172
731724975
732097370
732469357
732840937
733212111
733582878
733953241
734323198
734692752
735061902
735430649
735798994
736166937
736534479
736901621
737268363
737634706
738000650
738366196
738731344
739096096
739460451
739824411
740187976
740551146
740913922
741276304
741638294
741999892
742361098
742721912
743082337
743442371
743802016
744161272
744520140
744878620
745236714
745594420
745951741
746308676
746665226
747021391
747377173
747732572
748087588
748442222
748796474
749150345
749503835
749856946
750209677
750562029
750914003
751265598
751616817
751967658
752318124
752668213
753017928
753367267
753716233
754064824
754413043
754760889
755108363
755455465
755802196
756148556
756494547
756840168
757185419
757530303
757874818
758218965
758562746
758906160
759249208
759591890
759934207
760276160
760617748
760958973
761299835
761640335
761980472
762320247
762659661
762998715
763337409
763675742
764013717
764351332
764688590
765025489
765362031
765698217
766034046
766369519
766704636
767039399
767373807
767707861
768041561
768374908
768707902
769040545
769372835
769704774
770036362
770367600
770698488
771029026
771359215
771689056
772018548
772347693
772676491
773004941
773333045
773660804
773988216
774315284
774642007
774968386
775294421
775620113
775945462
776270468
776595132
776919455
777243436
777567077
777890377
778213338
778535959
778858241
779180184
779501789
779823056
780143986
780464579
780784835
781104756
781424340
781743589
782062503
782381083
782699329
783017241
783334819
783652065
783968978
784285560
784601809
784917728
785233315
785548572
785863499
786178096
786492364
786806303
787119914
787433197
787746152
788058779
788371080
788683054
788994702
789306024
789617021
789927692
790238040
790548063
790857762
791167137
791476190
791784920
792093327
792401413
792709177
793016620
793323742
793630543
793937025
794243186
794549029
794854552
795159757
795464644
795769212
796073463
796377397
796681015
796984316
797287300
797589969
797892323
798194362
798496086
798797496
799098592
799399374
799699843
800000000
800299843
800599375
800898595
801197503
801496101
801794387
802092363
802390029
802687386
802984433
803281171
803577600
803873721
804169534
804465039
804760237
805055128
805349712
805643990
805937962
806231629
806524990
806818046
807110797
807403244
807695388
807987227
808278763
808569996
808860927
809151555
809441881
809731906
810021629
810311051
810600172
810888993
811177514
811465735
811753657
812041279
812328603
812615628
812902355
813188784
813474916
813760751
814046288
814331529
814616474
814901122
815185475
815469533
815753296
816036763
816319937
816602816
816885401
817167693
817449692
817731398
818012811
818293932
818574761
818855298
819135544
819415498
819695162
819974536
820253619
820532412
820810916
821089130
821367055
821644692
821922040
822199099
822475871
822752356
823028553
823304463
823580087
823855424
824130475
824405240
824679719
824953913
825227823
825501447
825774787
826047843
826320615
826593104
826865309
827137231
827408871
827680228
827951302
828222095
828492607
828762837
829032785
829302453
829571841
829840948
830109775
830378323
830646591
830914580
831182290
831449721
831716874
831983749
832250346
832516666
832782708
833048473
833313962
833579174
833844110
834108769
834373153
834637262
834901095
835164654
835427938
835690947
835953682
836216144
836478332
836740246
837001887
837263256
837524351
837785175
838045726
838306006
838566014
838825750
839085216
839344410
839603334
839861988
840120372
840378486
840636330
840893905
841151211
841408248
841665016
841921516
842177748
842433712
842689408
842944838
843200000
843454895
843709523
843963885
844217981
844471811
844725375
844978674
845231707
845484476
845736980
845989219
846241194
846492906
846744353
846995537
847246457
847497115
847747509
847997641
848247511
848497118
848746463
848995547
849244370
849492931
849741231
849989270
850237049
850484567
850731826
850978824
851225563
851472042
851718263
851964224
852209927
852455371
852700557
852945484
853190154
853434566
853678721
853922619
854166260
854409644
854652771
854895642
855138257
855380617
855622720
855864568
856106161
856347499
856588582
856829411
857069985
857310305
857550371
857790184
858029743
858269048
858508101
858746901
858985448
859223742
859461785
859699575
859937113
860174400
860411436
860648220
860884754
861121036
861357068
861592850
861828381
862063663
862298695
862533477
862768010
863002294
863236329
863470115
863703652
863936942
864169983
864402776
864635321
864867619
865099670
865331474
865563030
865794340
866025403
866256220
866486791
866717116
866947195
867177029
867406617
867635960
867865058
868093911
868322520
868550885
868779005
869006881
869234513
869461902
869689047
869915949
870142609
870369025
870595198
870821129
871046818
871272265
871497469
871722432
871947154
872171634
872395873
872619871
872843628
873067145
873290421
873513457
873736253
873958809
874181125
874403202
874625039
874846637
875067997
875289117
875509999
875730643
875951048
876171216
876391145
876610837
876830291
877049508
877268487
877487230
877705736
877924005
878142038
878359835
878577395
878794720
879011808
879228661
879445279
879661662
879877809
880093722
880309400
880524843
880740052
880955027
881169767
881384274
881598548
881812587
882026394
882239967
882453307
882666414
882879289
883091931
883304341
883516519
883728465
883940178
884151661
884362911
884573931
884784719
884995276
885205603
885415698
885625564
885835199
886044603
886253778
886462723
886671438
886879924
887088180
887296207
887504005
887711574
887918915
888126027
888332910
888539565
888745992
888952192
889158163
889363907
889569423
889774713
889979775
890184610
890389218
890593599
890797754
891001683
891205385
891408862
891612112
891815137
892017937
892220510
892422859
892624982
892826881
893028554
893230003
893431228
893632228
893833004
894033556
894233884
894433988
894633869
894833526
895032960
895232171
895431158
895629923
895828465
896026785
896224882
896422757
896620410
896817841
897015050
897212037
897408803
897605347
897801670
897997772
898193653
898389314
898584753
898779973
898974971
899169750
899364308
899558647
899752766
899946665
900140344
900333804
900527045
900720067
900912870
901105454
901297819
901489966
901681895
901873605
902065097
902256371
902447427
902638266
902828887
903019291
903209477
903399446
903589198
903778733
903968052
904157154
904346039
904534709
904723162
904911398
905099419
905287225
905474814
905662188
905849347
906036290
906223018
906409532
906595830
906781914
906967783
907153437
907338878
907524104
907709116
907893914
908078498
908262869
908447026
908630970
908814700
908998217
909181522
909364613
909547491
909730157
909912611
910094852
910276880
910458697
910640302
910821694
911002875
911183845
911364603
911545149
911725485
911905609
912085522
912265224
912444716
912623997
912803067
912981927
913160577
913339017
913517246
913695266
913873076
914050676
914228067
914405249
914582221
914758984
914935538
915111883
915288020
915463947
915639667
915815177
915990480
916165574
916340460
916515138
916689609
916863872
917037927
917211774
917385415
917558848
917732074
917905093
918077905
918250510
918422909
918595101
918767086
918938866
919110439
919281806
919452967
919623923
919794672
919965216
920135555
920305688
920475616
920645338
920814856
920984169
921153277
921322180
921490878
921659373
921827662
921995748
922163629
922331307
922498780
922666050
922833116
922999978
923166637
923333092
923499344
923665393
923831240
923996883
924162323
924327560
924492595
924657428
924822058
924986486
925150712
925314735
925478557
925642177
925805595
925968811
926131826
926294639
926457252
926619663
926781872
926943881
927105689
927267296
927428703
927589909
927750914
927911719
928072324
928232729
928392934
928552938
928712743
928872348
929031754
929190959
929349966
929508773
929667381
929825790
929983999
930142010
930299822
930457435
930614850
930772066
930929084
931085903
931242524
931398947
931555172
931711199
931867029
932022660
932178094
932333330
932488369
932643211
932797855
932952303
933106553
933260606
933414463
933568122
933721585
933874852
934027922
934180796
934333473
934485954
934638240
934790329
934942222
935093920
935245422
935396728
935547839
935698754
935849475
936000000
936150329
936300464
936450404
936600149
936749699
936899055
937048216
937197183
937345955
937494533
937642917
937791106
937939102
938086904
938234512
938381926
938529147
938676174
938823007
938969648
939116095
939262348
939408409
939554277
939699952
939845434
939990723
940135819
940280724
940425435
940569954
940714281
940858416
941002359
941146109
941289668
941433035
941576210
941719193
941861985
942004585
942146994
942289212
942431238
942573074
942714718
942856171
942997433
943138505
943279385
943420076
943560575
943700884
943841003
943980932
944120670
944260218
944399576
944538744
944677722
944816511
944955110
945093519
945231738
945369768
945507609
945645261
945782723
945919996
946057080
946193975
946330682
946467199
946603528
946739668
946875620
947011383
947146957
947282344
947417542
947552552
947687374
947822008
947956454
948090712
948224783
948358666
948492361
948625869
948759189
948892322
949025268
949158026
949290598
949422982
949555180
949687190
949819014
949950651
950082101
950213365
950344442
950475333
950606038
950736556
950866888
950997034
951126994
951256768
951386356
951515759
951644975
951774006
951902852
952031512
952159986
952288275
952416379
952544298
952672031
952799580
952926943
953054122
953181116
953307925
953434549
953560989
953687244
953813315
953939201
954064903
954190421
954315754
954440904
954565869
954690651
954815249
954939663
955063893
955187939
955311802
955435481
955558977
955682290
955805419
955928365
956051128
956173708
956296104
956418318
956540349
956662197
956783862
956905345
957026645
957147762
957268697
957389450
957510020
957630408
957750614
957870638
957990480
958110139
958229617
958348913
958468027
958586960
958705710
958824280
958942667
959060873
959178898
959296742
959414404
959531885
959649185
959766304
959883242
960000000
960116576
960232971
960349186
960465220
960581074
960696747
960812239
960927551
961042683
961157635
961272406
961386998
961501409
961615640
961729691
961843563
961957254
962070766
962184098
962297251
962410224
962523017
962635632
962748066
962860322
962972398
963084295
963196013
963307552
963418912
963530092
963641095
963751918
963862562
963973028
964083315
964193424
964303354
964413106
964522679
964632074
964741291
964850330
964959190
965067873
965176377
965284704
965392852
965500823
965608616
965716231
965823669
965930929
966038011
966144916
966251644
966358194
966464567
966570763
966676781
966782622
966888287
966993774
967099084
967204218
967309174
967413954
967518557
967622984
967727234
967831307
967935204
968038924
968142468
968245836
968349027
968452043
968554882
968657545
968760032
968862343
968964478
969066437
969168220
969269828
969371260
969472516
969573597
969674502
969775231
969875785
969976164
970076368
970176396
970276249
970375927
970475429
970574757
970673910
970772887
970871690
970970318
971068772
971167050
971265154
971363083
971460838
971558418
971655823
971753055
971850111
971946994
972043702
972140236
972236596
972332782
972428794
972524632
972620295
972715785
972811101
972906244
973001212
973096007
973190628
973285076
973379350
973473451
973567378
973661132
973754712
973848119
973941353
974034414
974127301
974220016
974312557
974404926
974497121
974589144
974680993
974772670
974864175
974955506
975046665
975137651
975228465
975319106
975409575
975499871
975589995
975679947
975769726
975859334
975948769
976038032
976127122
976216041
976304788
976393363
976481766
976569997
976658056
976745944
976833660
976921204
977008577
977095778
977182807
977269665
977356352
977442867
977529211
977615384
977701385
977787216
977872875
977958363
978043680
978128825
978213800
978298604
978383237
978467700
978551991
978636112
978720062
978803841
978887450
978970888
979054155
979137252
979220179
979302935
979385521
979467937
979550182
979632257
979714162
979795897
979877461
979958856
980040080
980121135
980202019
980282734
980363279
980443654
980523859
980603895
980683761
980763457
980842984
980922341
981001529
981080547
981159395
981238075
981316585
981394925
981473096
981551099
981628931
981706595
981784090
981861415
981938572
982015559
982092378
982169028
982245509
982321820
982397964
982473938
982549744
982625381
982700849
982776149
982851280
982926243
983001037
983075663
983150120
983224409
983298530
983372482
983446266
983519882
983593330
983666610
983739721
983812665
983885440
983958047
984030487
984102758
984174862
984246798
984318566
984390166
984461599
984532863
984603960
984674890
984745652
984816246
984886673
984956933
985027025
985096949
985166706
985236296
985305719
985374974
985444062
985512983
985581736
985650323
985718742
985786995
985855080
985922999
985990750
986058334
986125752
986193003
986260087
986327004
986393755
986460338
986526755
986593006
986659090
986725007
986790757
986856342
986921759
986987011
987052095
987117014
987181766
987246352
987310771
987375025
987439112
987503032
987566787
987630376
987693798
987757055
987820145
987883070
987945828
988008421
988070847
988133108
988195203
988257132
988318895
988380493
988441925
988503191
988564292
988625227
988685996
988746600
988807038
988867311
988927418
988987360
989047137
989106748
989166194
989225474
989284589
989343539
989402324
989460944
989519398
989577687
989635811
989693770
989751564
989809193
989866657
989923956
989981090
990038059
990094864
990151503
990207978
990264287
990320432
990376413
990432228
990487879
990543366
990598687
990653844
990708837
990763665
990818328
990872827
990927161
990981331
991035337
991089178
991142855
991196368
991249716
991302900
991355919
991408775
991461466
991513993
991566356
991618555
991670590
991722461
991774167
991825710
991877089
991928303
991979354
992030241
992080964
992131523
992181918
992232150
992282217
992332121
992381861
992431438
992480851
992530100
992579185
992628107
992676865
992725460
992773891
992822159
992870263
992918204
992965981
993013595
993061045
993108332
993155456
993202416
993249213
993295847
993342317
993388624
993434768
993480749
993526567
993572221
993617713
993663041
993708206
993753208
993798047
993842723
993887237
993931587
993975774
994019798
994063659
994107358
994150893
994194266
994237476
994280523
994323408
994366129
994408688
994451084
994493318
994535389
994577297
994619042
994660625
994702045
994743303
994784398
994825331
994866101
994906709
994947154
994987437
995027557
995067515
995107310
995146943
995186414
995225723
995264869
995303853
995342674
995381333
995419831
995458165
995496338
995534348
995572197
995609883
995647407
995684769
995721969
995759006
995795882
995832596
995869148
995905537
995941765
995977831
996013734
996049476
996085056
996120474
996155730
996190825
996225757
996260528
996295136
996329584
996363869
996397992
996431954
996465754
996499392
996532869
996566184
996599337
996632329
996665159
996697827
996730334
996762679
996794863
996826885
996858746
996890445
996921982
996953358
996984573
997015626
997046518
997077248
997107817
997138225
997168471
997198555
997228479
997258241
997287842
997317281
997346559
997375676
997404632
997433426
997462059
997490531
997518841
997546991
997574979
997602806
997630472
997657977
997685321
997712503
997739525
997766385
997793084
997819622
997846000
997872216
997898271
997924165
997949898
997975470
998000881
998026131
998051221
998076149
998100916
998125523
998149968
998174253
998198377
998222339
998246141
998269783
998293263
998316583
998339741
998362739
998385576
998408253
998430768
998453123
998475317
998497351
998519223
998540935
998562486
998583877
998605107
998626176
998647084
998667832
998688419
998708846
998729112
998749217
998769162
998788946
998808570
998828033
998847335
998866477
998885458
998904279
998922939
998941439
998959778
998977957
998995975
999013833
999031531
999049067
999066444
999083660
999100715
999117610
999134345
999150919
999167333
999183586
999199679
999215612
999231384
999246996
999262448
999277739
999292869
999307840
999322650
999337300
999351789
999366119
999380287
999394296
999408144
999421832
999435360
999448728
999461935
999474982
999487868
999500595
999513161
999525567
999537813
999549898
999561824
999573589
999585193
999596638
999607923
999619047
999630011
999640815
999651459
999661942
999672266
999682429
999692432
999702275
999711958
999721481
999730843
999740046
999749088
999757970
999766692
999775254
999783656
999791898
999799979
999807901
999815663
999823264
999830705
999837986
999845108
999852069
999858870
999865510
999871991
999878312
999884473
999890474
999896314
999901995
999907515
999912876
999918076
999923117
999927997
999932717
999937278
999941678
999945918
999949998
999953918
999957679
999961279
999964719
999967999
999971119
999974079
999976879
999979519
999981999
999984319
999986479
999988479
999990319
999991999
999993519
999994879
999996079
999997119
999997999
999998719
999999279
999999679
999999919
1000000000
999999919
999999679
999999279
999998719
999997999
999997119
999996079
999994879
999993519
999991999
999990319
999988479
999986479
999984319
999981999
999979519
999976879
999974079
999971119
999967999
999964719
999961279
999957679
999953918
999949998
999945918
999941678
999937278
999932717
999927997
999923117
999918076
999912876
999907515
999901995
999896314
999890474
999884473
999878312
999871991
999865510
999858870
999852069
999845108
999837986
999830705
999823264
999815663
999807901
999799979
999791898
999783656
999775254
999766692
999757970
999749088
999740046
999730843
999721481
999711958
999702275
999692432
999682429
999672266
999661942
999651459
999640815
999630011
999619047
999607923
999596638
999585193
999573589
999561824
999549898
999537813
999525567
999513161
999500595
999487868
999474982
999461935
999448728
999435360
999421832
999408144
999394296
999380287
999366119
999351789
999337300
999322650
999307840
999292869
999277739
999262448
999246996
999231384
999215612
999199679
999183586
999167333
999150919
999134345
999117610
999100715
999083660
999066444
999049067
999031531
999013833
998995975
998977957
998959778
998941439
998922939
998904279
998885458
998866477
998847335
998828033
998808570
998788946
998769162
998749217
998729112
998708846
998688419
998667832
998647084
998626176
998605107
998583877
998562486
998540935
998519223
998497351
998475317
998453123
998430768
998408253
998385576
998362739
998339741
998316583
998293263
998269783
998246141
998222339
998198377
998174253
998149968
998125523
998100916
998076149
998051221
998026131
998000881
997975470
997949898
997924165
997898271
997872216
997846000
997819622
997793084
997766385
997739525
997712503
997685321
997657977
997630472
997602806
997574979
997546991
997518841
997490531
997462059
997433426
997404632
997375676
997346559
997317281
997287842
997258241
997228479
997198555
997168471
997138225
997107817
997077248
997046518
997015626
996984573
996953358
996921982
996890445
996858746
996826885
996794863
996762679
996730334
996697827
996665159
996632329
996599337
996566184
996532869
996499392
996465754
996431954
996397992
996363869
996329584
996295136
996260528
996225757
996190825
996155730
996120474
996085056
996049476
996013734
995977831
995941765
995905537
995869148
995832596
995795882
995759006
995721969
995684769
995647407
995609883
995572197
995534348
995496338
995458165
995419831
995381333
995342674
995303853
995264869
995225723
995186414
995146943
995107310
995067515
995027557
994987437
994947154
994906709
994866101
994825331
994784398
994743303
994702045
994660625
994619042
994577297
994535389
994493318
994451084
994408688
994366129
994323408
994280523
994237476
994194266
994150893
994107358
994063659
994019798
993975774
993931587
993887237
993842723
993798047
993753208
993708206
993663041
993617713
993572221
993526567
993480749
993434768
993388624
993342317
993295847
993249213
993202416
993155456
993108332
993061045
993013595
992965981
992918204
992870263
992822159
992773891
992725460
992676865
992628107
992579185
992530100
992480851
992431438
992381861
992332121
992282217
992232150
992181918
992131523
992080964
992030241
991979354
991928303
991877089
991825710
991774167
991722461
991670590
991618555
991566356
991513993
991461466
991408775
991355919
991302900
991249716
991196368
991142855
991089178
991035337
990981331
990927161
990872827
990818328
990763665
990708837
990653844
990598687
990543366
990487879
990432228
990376413
990320432
990264287
990207978
990151503
990094864
990038059
989981090
989923956
989866657
989809193
989751564
989693770
989635811
989577687
989519398
989460944
989402324
989343539
989284589
989225474
989166194
989106748
989047137
988987360
988927418
988867311
988807038
988746600
988685996
988625227
988564292
988503191
988441925
988380493
988318895
988257132
988195203
988133108
988070847
988008421
987945828
987883070
987820145
987757055
987693798
987630376
987566787
987503032
987439112
987375025
987310771
987246352
987181766
987117014
987052095
986987011
986921759
986856342
986790757
986725007
986659090
986593006
986526755
986460338
986393755
986327004
986260087
986193003
986125752
986058334
985990750
985922999
985855080
985786995
985718742
985650323
985581736
985512983
985444062
985374974
985305719
985236296
985166706
985096949
985027025
984956933
984886673
984816246
984745652
984674890
984603960
984532863
984461599
984390166
984318566
984246798
984174862
984102758
984030487
983958047
983885440
983812665
983739721
983666610
983593330
983519882
983446266
983372482
983298530
983224409
983150120
983075663
983001037
982926243
982851280
982776149
982700849
982625381
982549744
982473938
982397964
982321820
982245509
982169028
982092378
982015559
981938572
981861415
981784090
981706595
981628931
981551099
981473096
981394925
981316585
981238075
981159395
981080547
981001529
980922341
980842984
980763457
980683761
980603895
980523859
980443654
980363279
980282734
980202019
980121135
980040080
979958856
979877461
979795897
979714162
979632257
979550182
979467937
979385521
979302935
979220179
979137252
979054155
978970888
978887450
978803841
978720062
978636112
978551991
978467700
978383237
978298604
978213800
978128825
978043680
977958363
977872875
977787216
977701385
977615384
977529211
977442867
977356352
977269665
977182807
977095778
977008577
976921204
976833660
976745944
976658056
976569997
976481766
976393363
976304788
976216041
976127122
976038032
975948769
975859334
975769726
975679947
975589995
975499871
975409575
975319106
975228465
975137651
975046665
974955506
974864175
974772670
974680993
974589144
974497121
974404926
974312557
974220016
974127301
974034414
973941353
973848119
973754712
973661132
973567378
973473451
973379350
973285076
973190628
973096007
973001212
972906244
972811101
972715785
972620295
972524632
972428794
972332782
972236596
972140236
972043702
971946994
971850111
971753055
971655823
971558418
971460838
971363083
971265154
971167050
971068772
970970318
970871690
970772887
970673910
970574757
970475429
970375927
970276249
970176396
970076368
969976164
969875785
969775231
969674502
969573597
969472516
969371260
969269828
969168220
969066437
968964478
968862343
968760032
968657545
968554882
968452043
968349027
968245836
968142468
968038924
967935204
967831307
967727234
967622984
967518557
967413954
967309174
967204218
967099084
966993774
966888287
966782622
966676781
966570763
966464567
966358194
966251644
966144916
966038011
965930929
965823669
965716231
965608616
965500823
965392852
965284704
965176377
965067873
964959190
964850330
964741291
964632074
964522679
964413106
964303354
964193424
964083315
963973028
963862562
963751918
963641095
963530092
963418912
963307552
963196013
963084295
962972398
962860322
962748066
962635632
962523017
962410224
962297251
962184098
962070766
961957254
961843563
961729691
961615640
961501409
961386998
961272406
961157635
961042683
960927551
960812239
960696747
960581074
960465220
960349186
960232971
960116576
960000000
959883242
959766304
959649185
959531885
959414404
959296742
959178898
959060873
958942667
958824280
958705710
958586960
958468027
958348913
958229617
958110139
957990480
957870638
957750614
957630408
957510020
957389450
957268697
957147762
957026645
956905345
956783862
956662197
956540349
956418318
956296104
956173708
956051128
955928365
955805419
955682290
955558977
955435481
955311802
955187939
955063893
954939663
954815249
954690651
954565869
954440904
954315754
954190421
954064903
953939201
953813315
953687244
953560989
953434549
953307925
953181116
953054122
952926943
952799580
952672031
952544298
952416379
952288275
952159986
952031512
951902852
951774006
951644975
951515759
951386356
951256768
951126994
950997034
950866888
950736556
950606038
950475333
950344442
950213365
950082101
949950651
949819014
949687190
949555180
949422982
949290598
949158026
949025268
948892322
948759189
948625869
948492361
948358666
948224783
948090712
947956454
947822008
947687374
947552552
947417542
947282344
947146957
947011383
946875620
946739668
946603528
946467199
946330682
946193975
946057080
945919996
945782723
945645261
945507609
945369768
945231738
945093519
944955110
944816511
944677722
944538744
944399576
944260218
944120670
943980932
943841003
943700884
943560575
943420076
943279385
943138505
942997433
942856171
942714718
942573074
942431238
942289212
942146994
942004585
941861985
941719193
941576210
941433035
941289668
941146109
941002359
940858416
940714281
940569954
940425435
940280724
940135819
939990723
939845434
939699952
939554277
939408409
939262348
939116095
938969648
938823007
938676174
938529147
938381926
938234512
938086904
937939102
937791106
937642917
937494533
937345955
937197183
937048216
936899055
936749699
936600149
936450404
936300464
936150329
936000000
935849475
935698754
935547839
935396728
935245422
935093920
934942222
934790329
934638240
934485954
934333473
934180796
934027922
933874852
933721585
933568122
933414463
933260606
933106553
932952303
932797855
932643211
932488369
932333330
932178094
932022660
931867029
931711199
931555172
931398947
931242524
931085903
930929084
930772066
930614850
930457435
930299822
930142010
929983999
929825790
929667381
929508773
929349966
929190959
929031754
928872348
928712743
928552938
928392934
928232729
928072324
927911719
927750914
927589909
927428703
927267296
927105689
926943881
926781872
926619663
926457252
926294639
926131826
925968811
925805595
925642177
925478557
925314735
925150712
924986486
924822058
924657428
924492595
924327560
924162323
923996883
923831240
923665393
923499344
923333092
923166637
922999978
922833116
922666050
922498780
922331307
922163629
921995748
921827662
921659373
921490878
921322180
921153277
920984169
920814856
920645338
920475616
920305688
920135555
919965216
919794672
919623923
919452967
919281806
919110439
918938866
918767086
918595101
918422909
918250510
918077905
917905093
917732074
917558848
917385415
917211774
917037927
916863872
916689609
916515138
916340460
916165574
915990480
915815177
915639667
915463947
915288020
915111883
914935538
914758984
914582221
914405249
914228067
914050676
913873076
913695266
913517246
913339017
913160577
912981927
912803067
912623997
912444716
912265224
912085522
911905609
911725485
911545149
911364603
911183845
911002875
910821694
910640302
910458697
910276880
910094852
909912611
909730157
909547491
909364613
909181522
908998217
908814700
908630970
908447026
908262869
908078498
907893914
907709116
907524104
907338878
907153437
906967783
906781914
906595830
906409532
906223018
906036290
905849347
905662188
905474814
905287225
905099419
904911398
904723162
904534709
904346039
904157154
903968052
903778733
903589198
903399446
903209477
903019291
902828887
902638266
902447427
902256371
902065097
901873605
901681895
901489966
901297819
901105454
900912870
900720067
900527045
900333804
900140344
899946665
899752766
899558647
899364308
899169750
898974971
898779973
898584753
898389314
898193653
897997772
897801670
897605347
897408803
897212037
897015050
896817841
896620410
896422757
896224882
896026785
895828465
895629923
895431158
895232171
895032960
894833526
894633869
894433988
894233884
894033556
893833004
893632228
893431228
893230003
893028554
892826881
892624982
892422859
892220510
892017937
891815137
891612112
891408862
891205385
891001683
890797754
890593599
890389218
890184610
889979775
889774713
889569423
889363907
889158163
888952192
888745992
888539565
888332910
888126027
887918915
887711574
887504005
887296207
887088180
886879924
886671438
886462723
886253778
886044603
885835199
885625564
885415698
885205603
884995276
884784719
884573931
884362911
884151661
883940178
883728465
883516519
883304341
883091931
882879289
882666414
882453307
882239967
882026394
881812587
881598548
881384274
881169767
880955027
880740052
880524843
880309400
880093722
879877809
879661662
879445279
879228661
879011808
878794720
878577395
878359835
878142038
877924005
877705736
877487230
877268487
877049508
876830291
876610837
876391145
876171216
875951048
875730643
875509999
875289117
875067997
874846637
874625039
874403202
874181125
873958809
873736253
873513457
873290421
873067145
872843628
872619871
872395873
872171634
871947154
871722432
871497469
871272265
871046818
870821129
870595198
870369025
870142609
869915949
869689047
869461902
869234513
869006881
868779005
868550885
868322520
868093911
867865058
867635960
867406617
867177029
866947195
866717116
866486791
866256220
866025403
865794340
865563030
865331474
865099670
864867619
864635321
864402776
864169983
863936942
863703652
863470115
863236329
863002294
862768010
862533477
862298695
862063663
861828381
861592850
861357068
861121036
860884754
860648220
860411436
860174400
859937113
859699575
859461785
859223742
858985448
858746901
858508101
858269048
858029743
857790184
857550371
857310305
857069985
856829411
856588582
856347499
856106161
855864568
855622720
855380617
855138257
854895642
854652771
854409644
854166260
853922619
853678721
853434566
853190154
852945484
852700557
852455371
852209927
851964224
851718263
851472042
851225563
850978824
850731826
850484567
850237049
849989270
849741231
849492931
849244370
848995547
848746463
848497118
848247511
847997641
847747509
847497115
847246457
846995537
846744353
846492906
846241194
845989219
845736980
845484476
845231707
844978674
844725375
844471811
844217981
843963885
843709523
843454895
843200000
842944838
842689408
842433712
842177748
841921516
841665016
841408248
841151211
840893905
840636330
840378486
840120372
839861988
839603334
839344410
839085216
838825750
838566014
838306006
838045726
837785175
837524351
837263256
837001887
836740246
836478332
836216144
835953682
835690947
835427938
835164654
834901095
834637262
834373153
834108769
833844110
833579174
833313962
833048473
832782708
832516666
832250346
831983749
831716874
831449721
831182290
830914580
830646591
830378323
830109775
829840948
829571841
829302453
829032785
828762837
828492607
828222095
827951302
827680228
827408871
827137231
826865309
826593104
826320615
826047843
825774787
825501447
825227823
824953913
824679719
824405240
824130475
823855424
823580087
823304463
823028553
822752356
822475871
822199099
821922040
821644692
821367055
821089130
820810916
820532412
820253619
819974536
819695162
819415498
819135544
818855298
818574761
818293932
818012811
817731398
817449692
817167693
816885401
816602816
816319937
816036763
815753296
815469533
815185475
814901122
814616474
814331529
814046288
813760751
813474916
813188784
812902355
812615628
812328603
812041279
811753657
811465735
811177514
810888993
810600172
810311051
810021629
809731906
809441881
809151555
808860927
808569996
808278763
807987227
807695388
807403244
807110797
806818046
806524990
806231629
805937962
805643990
805349712
805055128
804760237
804465039
804169534
803873721
803577600
803281171
802984433
802687386
802390029
802092363
801794387
801496101
801197503
800898595
800599375
800299843
799999999
799699843
799399374
799098592
798797496
798496086
798194362
797892323
797589969
797287300
796984316
796681015
796377397
796073463
795769212
795464644
795159757
794854552
794549029
794243186
793937025
793630543
793323742
793016620
792709177
792401413
792093327
791784920
791476190
791167137
790857762
790548063
790238040
789927692
789617021
789306024
788994702
788683054
788371080
788058779
787746152
787433197
787119914
786806303
786492364
786178096
785863499
785548572
785233315
784917728
784601809
784285560
783968978
783652065
783334819
783017241
782699329
782381083
782062503
781743589
781424340
781104756
780784835
780464579
780143986
779823056
779501789
779180184
778858241
778535959
778213338
777890377
777567077
777243436
776919455
776595132
776270468
775945462
775620113
775294421
774968386
774642007
774315284
773988216
773660804
773333045
773004941
772676491
772347693
772018548
771689056
771359215
771029026
770698488
770367600
770036362
769704774
769372835
769040545
768707902
768374908
768041561
767707861
767373807
767039399
766704636
766369519
766034046
765698217
765362031
765025489
764688590
764351332
764013717
763675742
763337409
762998715
762659661
762320247
761980472
761640335
761299835
760958973
760617748
760276160
759934207
759591890
759249208
758906160
758562746
758218965
757874818
757530303
757185419
756840168
756494547
756148556
755802196
755455465
755108363
754760889
754413043
754064824
753716233
753367267
753017928
752668213
752318124
751967658
751616817
751265598
750914003
750562029
750209677
749856946
749503835
749150345
748796474
748442222
748087588
747732572
747377173
747021391
746665226
746308676
745951741
745594420
745236714
744878620
744520140
744161272
743802016
743442371
743082337
742721912
742361098
741999892
741638294
741276304
740913922
740551146
740187976
739824411
739460451
739096096
738731344
738366196
738000650
737634706
737268363
736901621
736534479
736166937
735798994
735430649
735061902
734692752
734323198
733953241
733582878
733212111
732840937
732469357
732097370
731724975
731352172
730978960
730605338
730231305
729856862
729482008
729106741
728731061
728354968
727978461
727601539
727224202
726846448
726468278
726089691
725710686
725331262
724951419
724571155
724190472
723809367
723427840
723045890
722663517
722280721
721897499
721513852
721129780
720745280
720360354
719974999
719589216
719203003
718816360
718429286
718041781
717653844
717265473
716876670
716487431
716097758
715707649
715317104
714926122
714534701
714142842
713750544
713357806
712964627
712571006
712176944
711782438
711387489
710992095
710596256
710199971
709803240
709406061
709008434
708610358
708211832
707812856
707413429
707013550
706613218
706212432
705811192
705409498
705007347
704604740
704201675
703798152
703394171
702989729
702584827
702179464
701773638
701367350
700960598
700553381
700145699
699737550
699328935
698919852
698510300
698100279
697689787
697278825
696867390
696455483
696043102
695630246
695216915
694803108
694388824
693974062
693558822
693143102
692726901
692310219
691893055
691475408
691057276
690638660
690219559
689799971
689379895
688959331
688538277
688116734
687694699
687272173
686849153
686425640
686001632
685577129
685152129
684726631
684300635
683874140
683447144
683019648
682591649
682163147
681734141
681304630
680874614
680444090
680013058
679581518
679149468
678716907
678283834
677850248
677416149
676981535
676546406
676110760
675674596
675237913
674800711
674362988
673924743
673485976
673046684
672606868
672166526
671725658
671284261
670842336
670399880
669956894
669513375
669069323
668624737
668179616
667733958
667287764
666841030
666393757
665945943
665497588
665048689
664599247
664149260
663698726
663247646
662796016
662343838
661891108
661437827
660983993
660529605
660074662
659619162
659163105
658706490
658249314
657791577
657333279
656874417
656414990
655954998
655494439
655033312
654571615
654109348
653646509
653183098
652719112
652254551
651789413
651323698
650857403
650390528
649923072
649455033
648986409
648517201
648047405
647577022
647106050
646634487
646162332
645689584
645216242
644742305
644267770
643792637
643316904
642840571
642363635
641886095
641407951
640929200
640449841
639969874
639489296
639008106
638526303
638043885
637560851
637077200
636592931
636108041
635622529
635136394
634649635
634162250
633674238
633185596
632696325
632206421
631715885
631224714
630732907
630240462
629747377
629253653
628759286
628264275
627768619
627272317
626775366
626277765
625779513
625280609
624781049
624280834
623779961
623278428
622776235
622273380
621769860
621265675
620760823
620255302
619749110
619242246
618734708
618226495
617717605
617208036
616697786
616186854
615675239
615162937
614649949
614136271
613621903
613106842
612591087
612074635
611557487
611039638
610521088
610001836
609481878
608961213
608439840
607917757
607394962
606871452
606347227
605822284
605296621
604770237
604243129
603715297
603186737
602657448
602127428
601596675
601065187
600532963
599999999
599466295
598931849
598396657
597860719
597324032
596786595
596248404
595709459
595169757
594629296
594088074
593546089
593003338
592459821
591915534
591370476
590824644
590278036
589730650
589182484
588633536
588083803
587533284
586981975
586429876
585876983
585323295
584768809
584213522
583657433
583100540
582542839
581984329
581425008
580864872
580303920
579742149
579179557
578616142
578051900
577486831
576920930
576354196
575786627
575218219
574648971
574078879
573507942
572936157
572363520
571790031
571215686
570640482
570064417
569487488
568909694
568331030
567751494
567171085
566589798
566007632
565424583
564840650
564255828
563670116
563083510
562496008
561907608
561318305
560728098
560136983
559544957
558952019
558358164
557763390
557167694
556571073
555973524
555375044
554775630
554175279
553573987
552971753
552368572
551764442
551159359
550553321
549946324
549338365
548729441
548119549
547508684
546896845
546284028
545670230
545055446
544439675
543822912
543205154
542586398
541966641
541345878
540724107
540101323
539477525
538852707
538226866
537600000
536972103
536343173
535713206
535082199
534450147
533817047
533182895
532547688
531911421
531274091
530635694
529996226
529355683
528714062
528071358
527427568
526782687
526136712
525489638
524841461
524192178
523541784
522890275
522237647
521583895
520929016
520273005
519615858
518957570
518298138
517637556
516975821
516312928
515648872
514983650
514317256
513649686
512980935
512310999
511639873
510967552
510294032
509619308
508943376
508266229
507587864
506908275
506227458
505545408
504862119
504177587
503491807
502804773
502116480
501426923
500736098
500043998
499350618
498655953
497959998
497262747
496564195
495864336
495163165
494460675
493756863
493051721
492345244
491637427
490928263
490217747
489505873
488792634
488078026
487362042
486644675
485925920
485205770
484484220
483761263
483036893
482311102
481583886
480855238
480125150
479393616
478660631
477926186
477190276
476452893
475714031
474973683
474231842
473488500
472743651
471997288
471249403
470499989
469749039
468996545
468242501
467486898
466729729
465970986
465210661
464448748
463685238
462920122
462153394
461385045
460615067
459843451
459070190
458295275
457518699
456740451
455960524
455178909
454395598
453610581
452823850
452035396
451245210
450453282
449659604
448864166
448066959
447267973
446467199
445664627
444860247
444054050
443246026
442436164
441624455
440810889
439995454
439178141
438358939
437537838
436714826
435889894
435063029
434234222
433403460
432570734
431736030
430899338
430060646
429219943
428377216
427532454
426685645
425836776
424985835
424132809
423277686
422420454
421561098
420699607
419835967
418970166
418102188
417232021
416359652
415485065
414608248
413729186
412847865
411964270
411078386
410190199
409299694
408406855
407511668
406614116
405714185
404811857
403907118
402999950
402090338
401178264
400263713
399346666
398427107
397505018
396580382
395653181
394723396
393791010
392856004
391918358
390978055
390035075
389089398
388141005
387189875
386235990
385279327
384319866
383357587
382392468
381424487
380453623
379479854
378503157
377523509
376540887
375555268
374566629
373574945
372580192
371582346
370581381
369577272
368569993
367559518
366545822
365528877
364508655
363485130
362458273
361428056
360394450
359357426
358316954
357273004
356225546
355174548
354119979
353061807
352000000
350934523
349865345
348792431
347715745
346635254
345550922
344462712
343370586
342274509
341174442
340070345
338962180
337849907
336733485
335612872
334488026
333358905
332225465
331087662
329945450
328798783
327647615
326491898
325331584
324166623
322996965
321822559
320643353
319459293
318270325
317076394
315877444
314673418
313464256
312249899
311030287
309805358
308575047
307339291
306098023
304851176
303598682
302340470
301076468
299806604
298530802
297248986
295961078
294666998
293366664
292059993
290746900
289427296
288101093
286768199
285428519
284081960
282728420
281367801
280000000
278624909
277242420
275852424
274454805
273049446
271636227
270215025
268785713
267348162
265902237
264447802
262984714
261512829
260031998
258542066
257042875
255534263
254016062
252488098
250950194
249402165
247843821
246274968
244695402
243104915
241503291
239890308
238265734
236629330
234980850
233320037
231646627
229960344
228260903
226548008
224821351
223080613
221325461
219555551
217770521
215969997
214153589
212320889
210471470
208604889
206720681
204818358
202897412
200957308
198997487
197017359
195016307
192993678
190948788
188880914
186789293
184673116
182531531
180363632
178168459
175944991
173692141
171408751
169093583
166745314
164362526
161943693
159487178
156991209
154453876
151873104
149246641
146572030
143846584
141067359
138231110
135334252
132372806
129342336
126237870
123053809
119783805
116420616
112955920
109380071
105681786
101847729
97861943
93705069
89353231
84776411
79935974
74780746
69240450
63213922
56545910
48975095
39991999
28281442
